#S 2  zapline mono 16.3912 14.118 2709 100 
#D Wed Sep 25 11:09:41 2024
energy_offset(keV) muT mon_2 ion_1_1
7.01063 -0.27129665889788057 22455.1 29453.5
7.01113 -0.27166291287793015 22438.6 29442.7
7.01163 -0.27200681417335015 22458.3 29478.7
7.01213 -0.27216499689547535 22454.6 29478.5
7.01263 -0.27295615372096005 22443.3 29487.0
7.01313 -0.27348735678964875 22447.1 29507.6
7.01363 -0.27442080739237845 22441.9 29528.4
7.01413 -0.274917562009641 22447.7 29550.7
7.01463 -0.27526885254483574 22445.3 29557.9
7.01513 -0.27529375729135874 22457.7 29575.0
7.01563 -0.2759799725820565 22457.7 29595.3
7.01613 -0.27634843424415434 22470.2 29622.6
7.01663 -0.2769926779867361 22461.7 29630.5
7.01713 -0.2774367395943508 22451.8 29630.6
7.01763 -0.27789349260656654 22449.9 29641.7
7.01813 -0.27822702946102973 22467.4 29674.7
7.01863 -0.2785293699802238 22481.8 29702.7
7.01913 -0.27928049228849017 22455.5 29690.2
7.01963 -0.2797375126947693 22462.7 29713.3
7.02013 -0.2804624642004538 22465.1 29738.0
7.02063 -0.2808428945862384 22469.0 29754.5
7.02113 -0.2809687786883146 22464.6 29752.3
7.02163 -0.28156027360091734 22464.8 29770.3
7.02213 -0.282348488435278 22465.0 29794.0
7.02263 -0.28244305892074895 22465.6 29797.6
7.02313 -0.2828738880807936 22471.7 29818.5
7.02363 -0.2834074674033909 22476.4 29840.7
7.02413 -0.2841292050962845 22478.4 29864.9
7.02463 -0.28433771190089197 22488.3 29884.3
7.02513 -0.2848455516944592 22493.9 29906.9
7.02563 -0.28556869360269277 22464.1 29889.0
7.02613 -0.28575621361423864 22479.1 29914.5
7.02663 -0.28602582407504346 22485.0 29930.4
7.02713 -0.28636658364941536 22479.1 29932.8
7.02763 -0.2866167840845528 22471.6 29930.2
7.02813 -0.28747323996194407 22481.6 29969.2
7.02863 -0.2876495610968673 22486.8 29981.4
7.02913 -0.288194265961662 22482.8 29992.4
7.02963 -0.28872001908841455 22483.5 30009.1
7.03013 -0.28903314729198826 22492.9 30031.0
7.03063 -0.2892876007307142 22490.4 30035.4
7.03113 -0.28995320728176127 22491.9 30057.4
7.03163 -0.2905896573487121 22484.0 30066.0
7.03213 -0.2906421020739545 22487.8 30072.6
7.03263 -0.291427614193778 22491.1 30100.6
7.03313 -0.2916021339863617 22493.1 30108.7
7.03363 -0.2920856354231299 22490.0 30119.0
7.03413 -0.2923249072460478 22491.1 30127.6
7.03463 -0.2927102905187976 22506.6 30160.0
7.03513 -0.29366537130949577 22499.3 30179.1
7.03563 -0.29419837059268905 22502.1 30199.0
7.03613 -0.29468477242985147 22496.5 30206.1
7.03663 -0.2948154388767183 22500.8 30215.9
7.03713 -0.29520870004854927 22502.8 30230.4
7.03763 -0.2956811232680615 22496.6 30236.3
7.03813 -0.2959496596657031 22491.0 30237.0
7.03863 -0.29686118184834526 22498.5 30274.6
7.03913 -0.29686376997721364 22506.5 30285.4
7.03963 -0.2976198193559732 22501.1 30301.1
7.04013 -0.2981312032239874 22494.2 30307.3
7.04063 -0.29836831806082376 22503.4 30326.9
7.04113 -0.2989495079158883 22510.6 30354.2
7.04163 -0.2990771257443523 22500.0 30343.7
7.04213 -0.29965511000693446 22497.9 30358.6
7.04263 -0.2998108726763665 22501.8 30368.5
7.04313 -0.30021966287594803 22513.0 30396.0
7.04363 -0.3007965478422902 22511.6 30411.8
7.04413 -0.301274894300454 22506.4 30419.2
7.04463 -0.30185955550522214 22508.9 30440.4
7.04513 -0.3018646931679674 22512.2 30444.9
7.04563 -0.3024891646924432 22507.8 30458.0
7.04613 -0.3027560396125725 22512.8 30473.0
7.04663 -0.30338171834830896 22509.6 30487.8
7.04713 -0.3039242021908613 22507.5 30501.4
7.04763 -0.3041661787450282 22521.3 30527.5
7.04813 -0.3048077378724907 22513.1 30536.0
7.04863 -0.3052101462784313 22510.3 30544.5
7.04913 -0.30554489862402456 22513.7 30559.3
7.04963 -0.30606879398342823 22506.9 30566.1
7.05013 -0.3060931170065977 22514.4 30577.0
7.05063 -0.30662687726288396 22508.7 30585.6
7.05113 -0.30700219462197115 22522.6 30616.0
7.05163 -0.30756962779625 22523.9 30635.1
7.05213 -0.30832849861797484 22516.7 30648.5
7.05263 -0.30873841782128 22518.4 30663.5
7.05313 -0.3089369326480623 22520.7 30672.6
7.05363 -0.30968401130421414 22521.4 30696.5
7.05413 -0.3102556441617717 22515.7 30706.3
7.05463 -0.31030332658285714 22523.3 30718.1
7.05513 -0.3111550605598722 22522.8 30743.7
7.05563 -0.3111880974655384 22516.9 30736.7
7.05613 -0.31193569799067333 22525.8 30771.8
7.05663 -0.3123587955562382 22529.7 30790.1
7.05713 -0.31321842244749515 22525.0 30810.2
7.05763 -0.3134120728150902 22521.2 30810.9
7.05813 -0.31371110658220647 22523.6 30823.4
7.05863 -0.314486116404935 22510.0 30828.6
7.05913 -0.314737229502625 22523.2 30854.5
7.05963 -0.3152997204721975 22514.4 30859.8
7.06013 -0.31594976967577376 22513.0 30878.0
7.06063 -0.31621611298369 22513.4 30886.8
7.06113 -0.3170056207432863 22512.8 30910.4
7.06163 -0.31700456607898053 22517.6 30916.9
7.06213 -0.3176190528117753 22523.3 30943.7
7.06263 -0.3181531165717502 22525.2 30962.9
7.06313 -0.3184469285143887 22521.1 30966.3
7.06363 -0.3188642401725182 22526.0 30986.0
7.06413 -0.3193027895095187 22525.7 30999.1
7.06463 -0.3195714209420767 22517.8 30996.6
7.06513 -0.3200208942835626 22535.5 31035.0
7.06563 -0.320243309284229 22541.1 31049.6
7.06613 -0.3207770936112845 22525.2 31044.3
7.06663 -0.32137455463477294 22521.3 31057.3
7.06713 -0.32162442477991976 22525.9 31071.5
7.06763 -0.32211422869557976 22514.0 31070.3
7.06813 -0.3224767904400387 22503.3 31066.7
7.06863 -0.3228412555032452 22523.3 31105.8
7.06913 -0.3234513947291458 22532.6 31137.6
7.06963 -0.32386744136550083 22529.7 31146.5
7.07013 -0.3243362001318634 22535.2 31168.7
7.07063 -0.32494294537932966 22534.7 31187.0
7.07113 -0.3251027553567243 22543.8 31204.5
7.07163 -0.32559797071709123 22528.3 31198.6
7.07213 -0.3260535514364823 22533.6 31220.1
7.07263 -0.32636450496524483 22536.3 31233.6
7.07313 -0.32646974181331195 22525.0 31221.1
7.07363 -0.3270081731695304 22527.2 31241.0
7.07413 -0.3276220756727328 22532.0 31266.8
7.07463 -0.32814247532401714 22530.5 31281.0
7.07513 -0.32844292236281736 22530.6 31290.6
7.07563 -0.32939325238528744 22542.7 31337.2
7.07613 -0.32956347168930467 22545.6 31346.5
7.07663 -0.3300459311173606 22540.3 31354.3
7.07713 -0.33049946005255076 22533.5 31359.0
7.07763 -0.3308601957705813 22536.9 31375.0
7.07813 -0.3314501345715822 22541.0 31399.3
7.07863 -0.33206881991973575 22543.6 31422.3
7.07913 -0.33217672794146147 22543.2 31425.2
7.07963 -0.3327873277341133 22537.1 31435.9
7.08013 -0.3329329492576531 22552.7 31462.2
7.08063 -0.3333767189336708 22559.0 31485.0
7.08113 -0.3339410058686504 22540.6 31477.0
7.08163 -0.33418949148383914 22536.6 31479.3
7.08213 -0.334702563993296 22550.4 31514.7
7.08263 -0.3351505172085413 22534.0 31505.9
7.08313 -0.33545811525539404 22542.0 31526.8
7.08363 -0.33614541962816324 22543.3 31550.4
7.08413 -0.3364583399698038 22556.6 31578.7
7.08463 -0.33698794651109887 22555.1 31593.5
7.08513 -0.33754842927545264 22547.0 31599.8
7.08563 -0.3380698612386021 22544.0 31612.1
7.08613 -0.33845537606332576 22547.5 31629.2
7.08663 -0.3391232071720841 22540.8 31640.9
7.08713 -0.3393186346571506 22537.3 31642.1
7.08763 -0.3396124568610542 22548.9 31667.8
7.08813 -0.339890148693793 22551.1 31679.7
7.08863 -0.3399095421329862 22562.0 31695.5
7.08913 -0.3402927543672183 22565.2 31712.2
7.08963 -0.340955187580474 22571.2 31741.6
7.09013 -0.3409861982177697 22568.2 31738.4
7.09063 -0.34161187421579375 22553.7 31737.9
7.09113 -0.3419178691086642 22555.6 31750.3
7.09163 -0.34221150042815823 22549.4 31750.9
7.09213 -0.3426168687666543 22558.5 31776.6
7.09263 -0.3431982999843211 22561.3 31798.9
7.09313 -0.3437188436998215 22568.1 31825.1
7.09363 -0.3439672001251384 22567.4 31832.0
7.09413 -0.3443205403114033 22577.9 31858.1
7.09463 -0.3447924757870723 22572.0 31864.8
7.09513 -0.34509555465439284 22572.3 31875.0
7.09563 -0.3455058547812849 22565.6 31878.5
7.09613 -0.345903571792243 22568.8 31895.8
7.09663 -0.3463101922056452 22575.1 31917.6
7.09713 -0.3467433109726648 22567.1 31920.1
7.09763 -0.34731067885189526 22577.7 31953.3
7.09813 -0.3473857503537977 22585.1 31966.1
7.09863 -0.3479801563211763 22585.1 31985.1
7.09913 -0.34815456812130213 22582.4 31986.8
7.09963 -0.3485709308826578 22582.0 31999.6
7.10013 -0.34901964214595316 22582.3 32014.4
7.10063 -0.34930057145759236 22574.4 32012.1
7.10113 -0.34962115880251304 22572.0 32019.1
7.10163 -0.34954006944595534 22583.4 32032.6
7.10213 -0.3497040328251018 22596.2 32056.0
7.10263 -0.35028791968781137 22585.0 32058.9
7.10313 -0.35053466001184164 22587.1 32069.7
7.10363 -0.35056076878898124 22593.3 32079.4
7.10413 -0.3506473275834046 22598.8 32090.0
7.10463 -0.3508088743201044 22590.8 32083.8
7.10513 -0.3506515275809594 22595.8 32085.9
7.10563 -0.3508924689299797 22599.8 32099.3
7.10613 -0.35053256609225325 22608.2 32099.7
7.10663 -0.35120586871942505 22604.4 32115.9
7.10713 -0.35088272257011754 22598.9 32097.6
7.10763 -0.34998978896965294 22606.2 32079.5
7.10813 -0.3494248816152299 22609.7 32066.3
7.10863 -0.34835309770605527 22602.9 32022.2
7.10913 -0.34646942503039935 22595.2 31951.1
7.10963 -0.3429269114978487 22598.4 31842.7
7.11013 -0.33663491106328436 22588.5 31629.3
7.11063 -0.3242936639258521 22587.0 31239.8
7.11113 -0.30600504231050907 22584.9 30671.4
7.11163 -0.28736521574259033 22586.2 30106.2
7.11213 -0.27335397636837666 22581.2 29680.3
7.11263 -0.2623508879710817 22571.8 29343.1
7.11313 -0.2537370255595507 22559.0 29074.8
7.11363 -0.24623965029021327 22526.4 28815.9
7.11413 -0.23995963508735213 22528.3 28638.0
7.11463 -0.23495932061819896 22525.9 28492.2
7.11513 -0.23187197517077138 22523.1 28400.7
7.11563 -0.23022430623839255 22537.8 28372.4
7.11613 -0.22900596105050855 22554.3 28358.6
7.11663 -0.2261523878026787 22562.4 28288.0
7.11713 -0.22012975063537452 22550.0 28102.8
7.11763 -0.21011678061491 22550.4 27823.5
7.11813 -0.19768563292618221 22545.1 27473.5
7.11863 -0.18443004485864134 22540.3 27105.9
7.11913 -0.1707259625357207 22544.3 26741.7
7.11963 -0.15627809942729234 22546.7 26361.0
7.12013 -0.14117180201474172 22548.6 25967.9
7.12063 -0.1269217674086325 22541.7 25592.4
7.12113 -0.11346562876739892 22529.4 25236.4
7.12163 -0.10149355708508155 22548.3 24957.1
7.12213 -0.09233558459923831 22534.7 24714.7
7.12263 -0.08370133332961291 22529.5 24496.6
7.12313 -0.07638618425986005 22531.4 24320.0
7.12363 -0.0697414679129805 22521.7 24148.6
7.12413 -0.06389350476656433 22524.4 24010.5
7.12463 -0.058665622973086334 22504.4 23864.1
7.12513 -0.05320296317724179 22527.4 23758.4
7.12563 -0.0476424050197672 22509.9 23608.3
7.12613 -0.04179963636697832 22515.1 23476.3
7.12663 -0.03568710291945335 22505.1 23322.8
7.12713 -0.02906417522744497 22502.3 23166.0
7.12763 -0.021709403203656868 22497.8 22991.7
7.12813 -0.013092197569221586 22505.7 22802.3
7.12863 -0.0047030740186965354 22501.5 22607.7
7.12913 0.003930270696567987 22490.3 22402.0
7.12963 0.010860844167273538 22497.9 22254.9
7.13013 0.015845450888354574 22480.9 22127.6
7.13063 0.018117909121051413 22478.0 22074.4
7.13113 0.016929590592729856 22472.7 22095.4
7.13163 0.012414458826143504 22470.0 22192.8
7.13213 0.005363054753689686 22467.1 22347.0
7.13263 -0.002368695807952074 22457.0 22510.3
7.13313 -0.010674702166434999 22467.4 22708.5
7.13363 -0.01769332317347407 22477.7 22879.0
7.13413 -0.024054681445837833 22482.7 23030.1
7.13463 -0.02931913922297045 22473.1 23141.8
7.13513 -0.03340427830067528 22480.0 23243.7
7.13563 -0.036555033634634124 22483.5 23320.6
7.13613 -0.03832125813404915 22490.3 23368.9
7.13663 -0.039131772567250214 22492.0 23389.6
7.13713 -0.038821089517828825 22497.9 23388.5
7.13763 -0.03805139963711591 22495.2 23367.7
7.13813 -0.03629798256040373 22490.8 23322.1
7.13863 -0.03413709730654359 22493.0 23274.1
7.13913 -0.032042134936306574 22497.5 23230.0
7.13963 -0.03022243796901937 22498.9 23189.3
7.14013 -0.028685765345087474 22501.4 23156.3
7.14063 -0.02742109639935148 22508.9 23134.7
7.14113 -0.027096317991535314 22504.2 23122.3
7.14163 -0.027704415169506516 22505.6 23137.9
7.14213 -0.028914107708752156 22520.2 23180.9
7.14263 -0.030059875952037955 22514.4 23201.4
7.14313 -0.03162198780584186 22520.7 23244.3
7.14363 -0.0328292869542716 22527.9 23279.8
7.14413 -0.03348009380943151 22528.8 23295.8
7.14463 -0.033964954941057834 22506.2 23283.7
7.14513 -0.033505330654488116 22536.2 23304.1
7.14563 -0.03284981747521404 22534.3 23286.8
7.14613 -0.031155992751878532 22541.2 23254.5
7.14663 -0.028417060246287495 22542.9 23192.7
7.14713 -0.025776677454493763 22536.4 23124.9
7.14763 -0.023102187370503877 22540.9 23067.7
7.14813 -0.020544510801437696 22539.0 23006.9
7.14863 -0.018010671946883435 22553.3 22963.2
7.14913 -0.015798909992662844 22551.1 22910.2
7.14963 -0.014452684148935642 22544.3 22872.5
7.15013 -0.013238489687991958 22554.8 22855.4
7.15063 -0.012406020778628651 22553.4 22835.0
7.15113 -0.01207340492736544 22550.9 22824.8
7.15163 -0.011931497787909038 22541.6 22812.1
7.15213 -0.011363132716313071 22547.7 22805.3
7.15263 -0.010979925928675605 22551.0 22800.0
7.15313 -0.011193113823453603 22546.9 22800.7
7.15363 -0.01136266172085976 22559.5 22817.3
7.15413 -0.012077873942656858 22558.9 22833.0
7.15463 -0.012776914027447383 22551.2 22841.2
7.15513 -0.014118262886451663 22558.5 22879.2
7.15563 -0.015710285917510183 22553.6 22910.8
7.15613 -0.01688202273858006 22555.8 22939.8
7.15663 -0.018098243523490487 22558.4 22970.4
7.15713 -0.018922405558813023 22564.0 22995.1
7.15763 -0.01971702806273599 22567.0 23016.4
7.15813 -0.020262656730436937 22574.3 23036.3
7.15863 -0.021296495935149956 22561.2 23046.8
7.15913 -0.021985623497534797 22564.7 23066.3
7.15963 -0.022354252066814802 22558.3 23068.3
7.16013 -0.02242955126509189 22560.0 23071.8
7.16063 -0.02316817609085048 22557.0 23085.7
7.16113 -0.023961124045442678 22561.9 23109.0
7.16163 -0.024665636324330064 22559.8 23123.2
7.16213 -0.025348961255975886 22550.3 23129.3
7.16263 -0.026576376905343424 22559.4 23167.0
7.16313 -0.02796622051766411 22562.5 23202.4
7.16363 -0.02894513877328031 22552.5 23214.8
7.16413 -0.030269588240868003 22553.2 23246.3
7.16463 -0.0313454806340543 22560.6 23279.0
7.16513 -0.032477404441677675 22567.0 23311.9
7.16563 -0.03341388115779584 22566.8 23333.6
7.16613 -0.03422841803532188 22545.8 23330.8
7.16663 -0.0352334393577842 22548.5 23357.2
7.16713 -0.03619583704574862 22551.0 23382.2
7.16763 -0.03647823796369462 22538.9 23376.3
7.16813 -0.03714855734164019 22569.0 23423.2
7.16863 -0.03802918364442753 22555.0 23429.3
7.16913 -0.03907056329574779 22547.8 23446.2
7.16963 -0.040050265304415085 22568.5 23490.7
7.17013 -0.04119543036946976 22565.8 23514.8
7.17063 -0.04234791192540393 22562.3 23538.2
7.17113 -0.04402092887505939 22556.9 23572.1
7.17163 -0.045695945691140015 22569.3 23624.6
7.17213 -0.047583442786206 22583.6 23684.1
7.17263 -0.04948837159940779 22594.8 23741.1
7.17313 -0.05129870352550425 22580.4 23769.0
7.17363 -0.053394564930922005 22592.1 23831.2
7.17413 -0.0557206241332524 22595.1 23889.9
7.17463 -0.05814529378494999 22571.2 23922.5
7.17513 -0.0604844788735361 22437.3 23836.2
7.17563 -0.06262408384649322 21833.4 23244.2
7.17613 -0.06495505800014471 20509.4 21885.6
7.17663 -0.06747023697626994 20370.0 21791.8
7.17713 -0.0698477300158003 20232.7 21696.6
7.17763 -0.07197082268472828 20907.2 22467.6
7.17813 -0.07343784383142307 21958.7 23632.1
7.17863 -0.0750181508700475 22320.2 24059.0
7.17913 -0.07605242669780535 22429.0 24201.3
7.17963 -0.07689114004021216 22472.0 24268.1
7.18013 -0.07777425516564682 22494.8 24314.2
7.18063 -0.07831586588669313 22510.6 24344.4
7.18113 -0.07845631590922497 22531.8 24370.7
7.18163 -0.07881179703526718 22526.8 24374.0
7.18213 -0.078765793255544 22543.1 24390.6
7.18263 -0.07853373023504866 22549.9 24392.3
7.18313 -0.07840288715629105 22561.8 24401.9
7.18363 -0.07805100455175996 22572.6 24405.0
7.18413 -0.07764392510704382 22576.9 24399.7
7.18463 -0.07676447845245932 22580.2 24381.8
7.18513 -0.07605479588158878 22589.3 24374.3
7.18563 -0.07478075422163961 22599.5 24354.3
7.18613 -0.07358366444775169 22591.4 24316.4
7.18663 -0.07269022200717322 22599.4 24303.3
7.18713 -0.07119008677535416 22608.5 24276.7
7.18763 -0.0701446877584507 22601.3 24243.6
7.18813 -0.06865176628669527 22608.0 24214.6
7.18863 -0.0673707352635892 22626.9 24203.8
7.18913 -0.06595680270099485 22630.6 24173.5
7.18963 -0.06471441785436544 22631.3 24144.4
7.19013 -0.06334109874942855 22630.2 24110.0
7.19063 -0.061537729070923246 22645.9 24083.2
7.19113 -0.06008888047481008 22644.1 24046.5
7.19163 -0.05896182678540133 22654.4 24030.3
7.19213 -0.05773477290547306 22661.8 24008.6
7.19263 -0.0568738317099535 22662.9 23989.2
7.19313 -0.05593984706352376 22666.8 23970.9
7.19363 -0.05569210256581916 22670.5 23968.9
7.19413 -0.05564746361009733 22682.4 23980.4
7.19463 -0.05612064221065831 22688.0 23997.7
7.19513 -0.05682536276446474 22688.0 24014.6
7.19563 -0.05788791739374628 22686.0 24038.0
7.19613 -0.059236803912399445 22698.6 24083.9
7.19663 -0.061111692314744004 22708.4 24139.4
7.19713 -0.06298528423210056 22718.9 24195.9
7.19763 -0.06442012286777953 22727.1 24239.4
7.19813 -0.06666414835731366 22733.3 24300.5
7.19863 -0.06895030382181264 22734.2 24357.1
7.19913 -0.07088591835195925 22730.2 24399.9
7.19963 -0.07368714252733663 22734.8 24473.3
7.20013 -0.07647624877871027 22749.1 24557.1
7.20063 -0.0786928854746902 22748.4 24610.8
7.20113 -0.08097477347883972 22761.4 24681.2
7.20163 -0.08353805971979526 22765.2 24748.7
7.20213 -0.08584258734064838 22765.4 24806.0
7.20263 -0.08877730384846545 22764.7 24878.2
7.20313 -0.09149797920509681 22776.5 24958.9
7.20363 -0.09419486475111497 22781.8 25032.1
7.20413 -0.09696714287869525 22778.8 25098.3
7.20463 -0.09912781832269266 22790.3 25165.2
7.20513 -0.10131905280842696 22793.0 25223.4
7.20563 -0.10335166390841631 22791.0 25272.5
7.20613 -0.1047418478274601 22794.4 25311.5
7.20663 -0.10567311492436303 22811.2 25353.7
7.20713 -0.1065352450251018 22813.7 25378.4
7.20763 -0.10705528203859976 22818.8 25397.2
7.20813 -0.1068658168526539 22820.0 25393.8
7.20863 -0.1060361448332059 22823.7 25376.8
7.20913 -0.10516837009226677 22821.8 25352.6
7.20963 -0.10350133519046859 22824.0 25312.9
7.21013 -0.10106191561535703 22827.7 25255.3
7.21063 -0.09826261586681329 22834.2 25191.9
7.21113 -0.09546314696140588 22843.1 25131.3
7.21163 -0.09121998922218419 22844.5 25026.4
7.21213 -0.0874877611548272 22846.7 24935.6
7.21263 -0.0833667906132637 22848.0 24834.4
7.21313 -0.07885592873946487 22851.0 24725.9
7.21363 -0.07426072601862942 22856.9 24618.9
7.21413 -0.06977156419871286 22862.4 24514.5
7.21463 -0.06536779464081925 22858.3 24402.5
7.21513 -0.06148633617984394 22853.5 24302.8
7.21563 -0.05688387493705495 22869.4 24208.0
7.21613 -0.05348431587611373 22866.3 24122.6
7.21663 -0.049815106102167085 22872.3 24040.6
7.21713 -0.046951007186297335 22871.1 23970.6
7.21763 -0.04466194683668138 22862.7 23906.9
7.21813 -0.042085335194473036 22873.3 23856.5
7.21863 -0.040138992079182194 22884.4 23821.7
7.21913 -0.03872669237545019 22886.8 23790.5
7.21963 -0.0377464094885331 22882.4 23762.6
7.22013 -0.03742888058941401 22882.5 23755.2
7.22063 -0.037662045473048085 22883.0 23761.3
7.22113 -0.03887831551757953 22885.0 23792.2
7.22163 -0.03996543989680858 22881.1 23814.1
7.22213 -0.04147626411690691 22883.1 23852.1
7.22263 -0.04383727398910162 22893.3 23919.3
7.22313 -0.04653497321432048 22901.4 23992.3
7.22363 -0.049579102320413314 22883.9 24047.0
7.22413 -0.05273096880204542 22882.1 24121.1
7.22463 -0.0562761545498804 22891.3 24216.5
7.22513 -0.060244938860724774 22889.4 24310.8
7.22563 -0.06404874841662046 22888.9 24402.8
7.22613 -0.06800374641431978 22891.9 24502.8
7.22663 -0.07234782360946615 22890.1 24607.5
7.22713 -0.076475434868244 22893.9 24713.4
7.22763 -0.08081894571790917 22892.6 24819.6
7.22813 -0.08473407540508035 22891.0 24915.2
7.22863 -0.08869074035323338 22888.2 25011.0
7.22913 -0.09280979352325432 22893.7 25120.2
7.22963 -0.09694307904922421 22889.6 25219.7
7.23013 -0.10102229722884541 22883.7 25316.3
7.23063 -0.10467886337071874 22882.2 25407.4
7.23113 -0.10829771366987383 22887.7 25505.6
7.23163 -0.11206795792225309 22884.4 25598.2
7.23213 -0.11521948405299103 22881.3 25675.5
7.23263 -0.11855817403851054 22889.3 25770.5
7.23313 -0.12188441922534944 22882.3 25848.4
7.23363 -0.12488344680165343 22874.2 25916.9
7.23413 -0.12781297672880676 22873.9 25992.6
7.23463 -0.1298459356565005 22882.8 26055.6
7.23513 -0.13219090285922935 22876.5 26109.6
7.23563 -0.13435115397129385 22870.3 26158.9
7.23613 -0.13595384716261968 22865.8 26195.7
7.23663 -0.1374383828805128 22870.6 26240.2
7.23713 -0.13858649279919977 22870.2 26269.8
7.23763 -0.1397485718840425 22862.9 26292.0
7.23813 -0.14015906622736105 22857.5 26296.5
7.23863 -0.14087594154962926 22861.2 26319.7
7.23913 -0.14137111166134878 22862.0 26333.6
7.23963 -0.14132780574102155 22859.8 26330.0
7.24013 -0.14155784605894658 22854.2 26329.5
7.24063 -0.14137679229780936 22857.4 26328.5
7.24113 -0.14110976146727383 22862.0 26326.8
7.24163 -0.14069394232305074 22858.4 26311.7
7.24213 -0.1399255854751666 22861.9 26295.5
7.24263 -0.13882485375943057 22862.1 26266.8
7.24313 -0.13842909719734514 22773.8 26155.0
7.24363 -0.1378086515381868 22535.1 25864.8
7.24413 -0.13689872441601383 22513.6 25816.6
7.24463 -0.1360357611969122 22663.2 25965.7
7.24513 -0.1351656639764276 22790.7 26089.1
7.24563 -0.1345426177269089 22810.6 26095.6
7.24613 -0.13371400563790475 22816.3 26080.6
7.24663 -0.1331299547834296 22821.8 26071.6
7.24713 -0.13272345611249056 22823.0 26062.4
7.24763 -0.13196500538787062 22822.5 26042.0
7.24813 -0.1320256427273136 22814.3 26034.3
7.24863 -0.13212956960897268 22815.8 26038.7
7.24913 -0.13199103030272047 22832.0 26053.5
7.24963 -0.13264503523087526 22807.1 26042.2
7.25013 -0.1327229023386078 22822.7 26062.0
7.25063 -0.13367492740606693 22820.8 26084.6
7.25113 -0.13456238817279195 22820.0 26106.9
7.25163 -0.1353210480593638 22821.8 26128.7
7.25213 -0.13628059298430775 22823.5 26155.8
7.25263 -0.13719077266954563 22819.4 26174.9
7.25313 -0.138299477446006 22821.9 26206.8
7.25363 -0.13945607049052508 22814.7 26228.9
7.25413 -0.14056990174537964 22824.9 26269.9
7.25463 -0.14108374128505136 22831.8 26291.3
7.25513 -0.14198168439174838 22812.0 26292.1
7.25563 -0.14287461394807666 22811.4 26314.9
7.25613 -0.1434761325819723 22822.4 26343.4
7.25663 -0.1440071657906421 22813.2 26346.8
7.25713 -0.14430731136065003 22815.2 26357.1
7.25763 -0.14483698345144366 22814.4 26370.1
7.25813 -0.1447852906139873 22813.0 26367.1
7.25863 -0.14457437400399653 22816.2 26365.2
7.25913 -0.1442652727992815 22826.5 26369.0
7.25963 -0.14417406195892207 22829.3 26369.7
7.26013 -0.14400869506190353 22824.1 26359.5
7.26063 -0.14370674495211194 22843.7 26374.1
7.26113 -0.14344446388600343 22854.7 26379.9
7.26163 -0.14311205764283327 22826.6 26338.7
7.26213 -0.1427296287190423 22835.6 26339.0
7.26263 -0.14253688329422898 22820.5 26316.5
7.26313 -0.14235360290152657 22829.8 26322.4
7.26363 -0.1421417844742081 22834.5 26322.3
7.26413 -0.14208680996613518 22822.5 26307.0
7.26463 -0.14173097012748448 22830.4 26306.8
7.26513 -0.14164109452099155 22842.6 26318.4
7.26563 -0.14142583511274895 22847.0 26317.8
7.26613 -0.1413744873919099 22837.4 26305.4
7.26663 -0.1413446770526359 22836.8 26303.9
7.26713 -0.14099981185067265 22843.9 26303.0
7.26763 -0.14082269268575434 22862.0 26319.2
7.26813 -0.14028648048382272 22856.5 26298.8
7.26863 -0.14002023920837328 22828.2 26259.2
7.26913 -0.13958565400099876 22854.3 26277.8
7.26963 -0.13884812666974083 22874.1 26281.2
7.27013 -0.13804457515212754 22872.4 26258.2
7.27063 -0.13726449921310702 22868.8 26233.5
7.27113 -0.13625545806244974 22866.9 26204.9
7.27163 -0.13537225757409393 22882.2 26199.3
7.27213 -0.13441820613386435 22880.5 26172.4
7.27263 -0.13417987718999289 22870.4 26154.6
7.27313 -0.1335503101893777 22865.2 26132.2
7.27363 -0.1333669841673097 22877.1 26141.0
7.27413 -0.13240942698779887 22895.9 26137.4
7.27463 -0.13214465337056383 22874.9 26106.5
7.27513 -0.13199882826494544 22877.6 26105.8
7.27563 -0.13180541262222126 22892.9 26118.2
7.27613 -0.13181517059393796 22893.6 26119.2
7.27663 -0.13173077469496586 22891.9 26115.1
7.27713 -0.13157746742356166 22893.0 26112.4
7.27763 -0.1315428338037916 22894.3 26112.9
7.27813 -0.13168507109638458 22895.0 26117.4
7.27863 -0.13139173957801287 22891.3 26105.5
7.27913 -0.13144536920086627 22893.3 26109.3
7.27963 -0.13090721831642116 22904.0 26107.4
7.28013 -0.13079400663889912 22908.0 26109.0
7.28063 -0.13017029586483903 22895.0 26077.9
7.28113 -0.1300042452281645 22896.5 26075.3
7.28163 -0.12967331578108468 22918.0 26091.1
7.28213 -0.12901596353822858 22911.8 26067.0
7.28263 -0.12868843045452302 22897.2 26041.9
7.28313 -0.1281562802039896 22901.7 26033.1
7.28363 -0.1275915599323951 22907.0 26024.4
7.28413 -0.12718110780115935 22896.3 26001.5
7.28463 -0.12691101447897468 22885.4 25982.2
7.28513 -0.1262905697674967 22897.9 25980.3
7.28563 -0.12628873404713126 22888.8 25969.8
7.28613 -0.12608538484672327 22878.0 25952.4
7.28663 -0.12605016331814753 22860.5 25931.6
7.28713 -0.12632097080642232 22858.5 25936.3
7.28763 -0.12634461647932005 22828.0 25902.3
7.28813 -0.12654963291725965 22818.0 25896.3
7.28863 -0.12721534917901056 22761.3 25849.1
7.28913 -0.12816027319643572 22697.6 25801.1
7.28963 -0.12919264170582426 22588.9 25704.0
7.29013 -0.13035740223492853 22364.9 25478.8
7.29063 -0.13163394730618014 21774.7 24837.8
7.29113 -0.13361549061249764 20265.1 23161.0
7.29163 -0.13583905488251546 18799.2 21533.9
7.29213 -0.13748807053653997 20966.0 24057.1
7.29263 -0.1393704911678022 22767.8 26173.1
7.29313 -0.14130773515204495 23143.5 26656.2
7.29363 -0.14387384439204612 23183.4 26770.8
7.29413 -0.14599003133279498 23175.7 26818.5
7.29463 -0.14836509681699803 23165.0 26870.0
7.29513 -0.15072308994797118 23153.6 26920.2
7.29563 -0.15304451991884924 23145.7 26973.5
7.29613 -0.15544808703597032 23139.5 27031.2
7.29663 -0.15800236045648955 23131.4 27090.7
7.29713 -0.16027193631935885 23126.1 27146.1
7.29763 -0.16225901796346381 23116.9 27189.3
7.29813 -0.16433242511582077 23113.0 27241.2
7.29863 -0.16637542480107717 23116.3 27300.8
7.29913 -0.16851352797824845 23114.8 27357.4
7.29963 -0.17022565229879813 23110.7 27399.5
7.30013 -0.17212018955360175 23096.0 27433.9
7.30063 -0.17419820224844076 23115.3 27514.0
7.30113 -0.17565905299078585 23126.0 27566.9
7.30163 -0.17730621120268034 23114.8 27599.0
7.30213 -0.17887988734141902 23111.9 27639.0
7.30263 -0.18030703629327915 23106.0 27671.4
7.30313 -0.18153480647984221 23107.2 27706.8
7.30363 -0.18319403874159224 23106.1 27751.5
7.30413 -0.18461762048410604 23104.6 27789.3
7.30463 -0.1856387496373315 23110.5 27824.8
7.30513 -0.18655720286192182 23113.9 27854.5
7.30563 -0.1875850058305738 23116.8 27886.5
7.30613 -0.18871928577797253 23110.4 27910.5
7.30663 -0.18964931348185893 23111.0 27937.2
7.30713 -0.19039473613752758 23117.7 27966.2
7.30763 -0.19144355507642663 23115.4 27992.7
7.30813 -0.19221705568116526 23113.1 28011.5
7.30863 -0.19239555617216406 23118.1 28022.6
7.30913 -0.19321759692337195 23121.6 28049.9
7.30963 -0.19370800125700494 23117.5 28058.6
7.31013 -0.1941001223979728 23115.5 28067.3
7.31063 -0.19437694807099498 23117.9 28077.9
7.31113 -0.19492439457020846 23117.9 28093.3
7.31163 -0.19521483985131605 23111.5 28093.7
7.31213 -0.19558816528364925 23109.9 28102.3
7.31263 -0.19570506588334854 23121.4 28119.5
7.31313 -0.19575139194305438 23125.3 28125.5
7.31363 -0.1962029910364875 23130.6 28144.7
7.31413 -0.19674854391062632 23118.7 28145.6
7.31463 -0.1970820471870189 23123.0 28160.3
7.31513 -0.19760917858654925 23127.6 28180.7
7.31563 -0.19770119905453537 23128.9 28184.9
7.31613 -0.1982258154359083 23131.7 28203.1
7.31663 -0.19898715340254997 23119.5 28209.6
7.31713 -0.19934100042096914 23133.8 28237.1
7.31763 -0.19980233179163373 23124.9 28239.3
7.31813 -0.20024067637724063 23121.0 28246.9
7.31863 -0.20063569485176946 23120.0 28256.8
7.31913 -0.201009220668153 23124.8 28273.3
7.31963 -0.2016254221154881 23126.2 28292.3
7.32013 -0.20220658889478557 23121.7 28303.3
7.32063 -0.20251044496882104 23127.6 28319.1
7.32113 -0.20309583249634183 23131.8 28340.9
7.32163 -0.20358937756395518 23128.4 28350.7
7.32213 -0.2038525077278626 23124.5 28353.3
7.32263 -0.2041645270196739 23127.3 28365.7
7.32313 -0.20444408933567587 23128.0 28374.4
7.32363 -0.205241603868832 23133.8 28404.2
7.32413 -0.20527637670450982 23129.8 28400.3
7.32463 -0.20595606405711064 23123.2 28411.4
7.32513 -0.20601972825614923 23135.3 28428.1
7.32563 -0.20653307881998967 23131.6 28438.2
7.32613 -0.20700800022134275 23134.8 28455.7
7.32663 -0.20747527880909022 23137.0 28471.6
7.32713 -0.2077478272864567 23137.0 28479.4
7.32763 -0.20815879674196394 23131.4 28484.2
7.32813 -0.2085785093932569 23128.1 28492.1
7.32863 -0.20899129762166901 23138.4 28516.5
7.32913 -0.20962561220796833 23139.6 28536.1
7.32963 -0.20995461573571675 23133.5 28538.0
7.33013 -0.2106825734371697 23129.0 28553.2
7.33063 -0.21141022867699696 23136.8 28583.7
7.33113 -0.2119149376829139 23137.3 28598.7
7.33163 -0.21285877082879165 23133.2 28620.7
7.33213 -0.21333446100493483 23135.0 28636.4
7.33263 -0.21408201596930015 23132.9 28655.2
7.33313 -0.21486471808414953 23128.5 28672.3
7.33363 -0.21575984019143163 23104.8 28668.5
7.33413 -0.21651969239713661 23106.2 28692.1
7.33463 -0.21748930650259113 23095.3 28706.3
7.33513 -0.21786817172707096 23072.4 28688.8
7.33563 -0.2184303601850493 23010.7 28628.1
7.33613 -0.21915478824607104 22890.4 28499.1
7.33663 -0.2197184193105137 22560.3 28103.9
7.33713 -0.22039931323987116 21796.0 27170.1
7.33763 -0.22099251524340818 22281.2 27791.9
7.33813 -0.22102876101703564 23153.8 28881.0
7.33863 -0.22161551657751408 23325.4 29112.3
7.33913 -0.22213662637177886 23304.9 29101.8
7.33963 -0.22192903755659296 23282.3 29067.6
7.34013 -0.2222645794209593 23252.8 29040.5
7.34063 -0.22257689976765183 23253.0 29049.7
7.34113 -0.2220637781301315 23250.0 29031.1
7.34163 -0.22219546974300058 23249.2 29034.0
7.34213 -0.22179438937638593 23253.4 29027.6
7.34263 -0.2216762576032002 23260.6 29033.1
7.34313 -0.2214571202677286 23241.7 29003.2
7.34363 -0.22107993044471966 23243.2 28994.1
7.34413 -0.2205567171401446 23249.9 28987.3
7.34463 -0.2201360595411624 23242.8 28966.3
7.34513 -0.21972925305315658 23236.0 28946.0
7.34563 -0.219053040655786 23244.8 28937.4
7.34613 -0.2183201716133315 23247.0 28918.9
7.34663 -0.21737106502105868 23246.3 28890.7
7.34713 -0.21685436516237616 23240.4 28868.3
7.34763 -0.21647006409084135 23245.6 28863.8
7.34813 -0.2160858137754848 23252.1 28860.7
7.34863 -0.215283808109906 23245.9 28829.9
7.34913 -0.21451617405439677 23250.7 28813.7
7.34963 -0.21441397842159093 23238.2 28795.3
7.35013 -0.2136956114990442 23230.3 28764.8
7.35063 -0.21268409329467253 23247.2 28756.7
7.35113 -0.21227869617959855 23251.3 28750.1
7.35163 -0.21142037627780963 23258.0 28733.7
7.35213 -0.21110369738625878 23259.4 28726.3
7.35263 -0.2106676616011065 23262.4 28717.5
7.35313 -0.21043362407439464 23254.1 28700.5
7.35363 -0.20987568231079665 23250.1 28679.5
7.35413 -0.20952253104412658 23259.7 28681.3
7.35463 -0.2090588498987651 23258.1 28666.0
7.35513 -0.2085996943108621 23265.3 28661.7
7.35563 -0.20844954824123202 23260.1 28651.0
7.35613 -0.2080450875164514 23262.4 28642.3
7.35663 -0.20777352130393478 23260.1 28631.6
7.35713 -0.20748933235285763 23268.2 28633.5
7.35763 -0.20735658174621582 23261.0 28620.8
7.35813 -0.20705436827231016 23267.9 28620.7
7.35863 -0.2065635355192066 23275.7 28616.2
7.35913 -0.20684542804981607 23264.1 28610.1
7.35963 -0.2064486719723038 23265.1 28599.9
7.36013 -0.20621564241866372 23267.6 28596.3
7.36063 -0.20608273083182743 23266.1 28590.6
7.36113 -0.20577017824641264 23273.9 28591.3
7.36163 -0.2059591453724713 23268.4 28589.9
7.36213 -0.20612828574624398 23277.3 28605.8
7.36263 -0.20618802823875138 23263.6 28590.6
7.36313 -0.20600055850817678 23283.6 28609.8
7.36363 -0.20612001230716442 23280.8 28609.8
7.36413 -0.2064171788385086 23272.3 28607.9
7.36463 -0.20662132719354362 23275.6 28617.7
7.36513 -0.20683250715716636 23260.6 28605.4
7.36563 -0.20695441984582225 23273.6 28624.8
7.36613 -0.2076559288176484 23275.4 28647.1
7.36663 -0.20814836615386997 23265.5 28649.0
7.36713 -0.20880155398340267 23249.6 28648.2
7.36763 -0.20941592358419306 23277.4 28700.0
7.36813 -0.20987281924642423 23297.4 28737.9
7.36863 -0.2104640942108347 23275.6 28727.9
7.36913 -0.21175191993375447 23265.0 28751.9
7.36963 -0.21288349213978622 23262.3 28781.1
7.37013 -0.21373356660680232 23281.7 28829.6
7.37063 -0.2147217210060289 23266.8 28839.6
7.37113 -0.21583412267079718 23261.6 28865.3
7.37163 -0.21709311573849982 23264.2 28904.9
7.37213 -0.21867090182158333 23266.9 28953.8
7.37263 -0.21982766855306116 23270.4 28991.7
7.37313 -0.22149108074406704 23268.1 29037.2
7.37363 -0.22306697521818086 23268.7 29083.7
7.37413 -0.22500782188714039 23267.0 29138.0
7.37463 -0.22674875342278672 23262.8 29183.5
7.37513 -0.22855490478943236 23257.3 29229.3
7.37563 -0.2302657104826426 23250.4 29270.7
7.37613 -0.23201396677740202 23249.0 29320.2
7.37663 -0.23377194394038117 23259.2 29384.7
7.37713 -0.23573268102135136 23269.0 29454.8
7.37763 -0.23811489577189682 23249.4 29500.1
7.37813 -0.24016904161076444 23242.3 29551.7
7.37863 -0.2422243754045342 23244.7 29615.6
7.37913 -0.24404009729138257 23246.0 29671.0
7.37963 -0.24627310162229182 23239.1 29728.5
7.38013 -0.24798349338677148 23248.6 29791.7
7.38063 -0.25023852521031614 23238.6 29846.1
7.38113 -0.2521596651726756 23246.5 29913.6
7.38163 -0.25416335968708065 23233.8 29957.2
7.38213 -0.2558233438104202 23239.7 30014.7
7.38263 -0.25748883798826083 23224.9 30045.5
7.38313 -0.2588391243277318 23230.3 30093.1
7.38363 -0.2602517253788915 23221.4 30124.1
7.38413 -0.26156113224091426 23206.8 30144.7
7.38463 -0.2627599706825884 23212.7 30188.5
7.38513 -0.26383706119470524 23216.4 30225.8
7.38563 -0.2647889089342415 23219.5 30258.7
7.38613 -0.265769688270578 23209.4 30275.2
7.38663 -0.26627545032454564 23207.6 30288.1
7.38713 -0.2665488687158889 23201.4 30288.2
7.38763 -0.26711679739950994 23195.0 30297.1
7.38813 -0.2678198657894421 23190.6 30312.6
7.38863 -0.2680256099888173 23181.1 30306.5
7.38913 -0.2684955565431623 23179.0 30318.0
7.38963 -0.268443480404722 23171.2 30306.2
7.39013 -0.26849983707654596 23168.2 30304.0
7.39063 -0.26847375317905775 23165.1 30299.2
7.39113 -0.26874708780420115 23141.2 30276.2
7.39163 -0.2690217695828913 23141.3 30284.7
7.39213 -0.26856331194892663 23117.4 30239.5
7.39263 -0.2688388303510348 23094.2 30217.5
7.39313 -0.2692762956631293 23041.2 30161.4
7.39363 -0.26897456110192697 22972.2 30061.9
7.39413 -0.2691729395544474 22807.7 29852.6
7.39463 -0.2690131090595949 22438.4 29364.5
7.39513 -0.26928533248703146 22157.8 29005.2
7.39563 -0.2694646629368444 22396.5 29322.9
7.39613 -0.2693380012172875 22786.3 29829.5
7.39663 -0.26963227920560884 23282.0 30487.4
7.39713 -0.2697777183840833 23343.3 30572.1
7.39763 -0.27004928611924467 23302.1 30526.4
7.39813 -0.27058847405631936 23276.7 30509.6
7.39863 -0.27103600730972294 23265.3 30508.2
7.39913 -0.2713177432440527 23267.7 30520.1
7.39963 -0.2716348839342803 23251.7 30508.7
7.40013 -0.2720155671198712 23238.6 30503.2
7.40063 -0.27237966239218064 23233.1 30507.1
7.40113 -0.27264997269802893 23228.8 30509.6
7.40163 -0.27295195422297164 23233.1 30524.6
7.40213 -0.2733853885062824 23216.5 30516.0
7.40263 -0.27410652630531906 23217.9 30539.7
7.40313 -0.27448477457289017 23219.0 30552.8
7.40363 -0.27530725776244447 23213.1 30570.1
7.40413 -0.2754074915110301 23224.9 30588.8
7.40463 -0.27558433036430496 23202.7 30564.9
7.40513 -0.2761161369723435 23199.5 30576.9
7.40563 -0.2764178560309305 23201.9 30589.4
7.40613 -0.2765080977573178 23197.2 30585.9
7.40663 -0.27698930678492967 23194.3 30596.8
7.40713 -0.27705931723461646 23186.4 30588.6
7.40763 -0.27715955945569354 23195.6 30603.8
7.40813 -0.27747527015201345 23197.7 30616.2
7.40863 -0.2778064476178945 23198.2 30627.0
7.40913 -0.2784287102032684 23187.0 30631.2
7.40963 -0.2789864476681958 23180.7 30640.0
7.41013 -0.2789145120410336 23197.4 30659.9
7.41063 -0.2790723616164444 23204.1 30673.6
7.41113 -0.2793578934112633 23196.3 30672.1
7.41163 -0.2795786991244464 23192.4 30673.7
7.41213 -0.2799221153983309 23193.4 30685.5
7.41263 -0.28030120442133183 23188.0 30690.0
7.41313 -0.28063194129850894 23197.1 30712.2
7.41363 -0.2811928392758782 23206.7 30742.1
7.41413 -0.2814596884025139 23198.6 30739.6
7.41463 -0.2812312915695467 23195.2 30728.1
7.41513 -0.2818060466942978 23200.1 30752.2
7.41563 -0.2824077468629439 23204.6 30776.7
7.41613 -0.2826488415444045 23182.0 30754.2
7.41663 -0.2829843458694651 23194.6 30781.2
7.41713 -0.28381187854600015 23196.0 30808.5
7.41763 -0.28420167262083446 23209.6 30838.6
7.41813 -0.2844700265382836 23188.1 30818.3
7.41863 -0.2850730401329368 23200.1 30852.9
7.41913 -0.28572578814708555 23213.4 30890.7
7.41963 -0.28638265326558593 23209.3 30905.5
7.42013 -0.2868618986245115 23209.6 30920.8
7.42063 -0.28724990349332674 23203.3 30924.4
7.42113 -0.28802880393902985 23200.4 30944.6
7.42163 -0.28869931248700526 23201.5 30966.8
7.42213 -0.2893265647495674 23201.8 30986.6
7.42263 -0.2901987842211246 23197.2 31007.6
7.42313 -0.2909782709829149 23211.8 31051.2
7.42363 -0.29156753796870244 23213.4 31071.7
7.42413 -0.2920120715068191 23210.5 31081.6
7.42463 -0.29253199666125507 23217.0 31106.5
7.42513 -0.29308656366837194 23213.5 31119.1
7.42563 -0.293709733949733 23217.4 31143.8
7.42613 -0.294448429311139 23221.6 31172.3
7.42663 -0.29492150730105293 23214.1 31177.1
7.42713 -0.29521807787994936 23211.3 31182.6
7.42763 -0.2958785348774109 23217.8 31211.9
7.42813 -0.2963453321820481 23222.4 31232.7
7.42863 -0.2965266805477576 23220.7 31236.0
7.42913 -0.2970682424500091 23221.6 31254.1
7.42963 -0.2974268658603011 23230.0 31276.7
7.43013 -0.2978828897388743 23224.5 31283.5
7.43063 -0.2978928475790974 23236.9 31300.5
7.43113 -0.298732193431159 23221.9 31306.6
7.43163 -0.2992205746331641 23224.6 31325.6
7.43213 -0.29915159165052624 23242.1 31347.0
7.43263 -0.29956703977443483 23246.9 31366.4
7.43313 -0.29974668058935655 23244.0 31368.1
7.43363 -0.30012700726867886 23241.7 31376.9
7.43413 -0.3003566029413287 23236.3 31377.0
7.43463 -0.30059283510682083 23241.1 31390.9
7.43513 -0.30087032337953246 23243.1 31402.3
7.43563 -0.30095533201488833 23245.4 31408.0
7.43613 -0.3012074210860832 23252.2 31425.1
7.43663 -0.30099383458022105 23254.6 31421.6
7.43713 -0.30124225680946476 23261.5 31438.8
7.43763 -0.3014104953730405 23260.7 31443.0
7.43813 -0.3011656918031195 23248.5 31418.8
7.43863 -0.3011941175020124 23256.9 31431.0
7.43913 -0.30117108722149977 23269.1 31446.8
7.43963 -0.30087608466415705 23268.7 31437.0
7.44013 -0.3009528408212124 23263.2 31432.0
7.44063 -0.3011890888347364 23260.9 31436.4
7.44113 -0.3011435387718903 23248.3 31417.8
7.44163 -0.3010960794771679 23245.1 31412.1
7.44213 -0.3008976081771101 23229.2 31384.3
7.44263 -0.30086848140184164 23128.6 31247.5
7.44313 -0.3008568442788915 23046.0 31135.5
7.44363 -0.30067972015146366 23138.0 31254.3
7.44413 -0.3003151204957605 23142.8 31249.4
7.44463 -0.3004273750947166 23022.8 31090.8
7.44513 -0.300460720564868 23092.1 31185.5
7.44563 -0.300210781621949 23194.2 31315.4
7.44613 -0.29988387925113064 23250.0 31380.5
7.44663 -0.3000422210729594 23260.2 31399.3
7.44713 -0.3002241273725147 23260.8 31405.8
7.44763 -0.30036399350596077 23265.1 31416.1
7.44813 -0.3006329174168064 23268.6 31429.2
7.44863 -0.30056539140980437 23273.5 31433.7
7.44913 -0.3011953889570314 23259.1 31434.0
7.44963 -0.3009559691127956 23275.3 31448.4
7.45013 -0.3013286277176586 23282.7 31470.2
7.45063 -0.30112763666712145 23280.1 31460.3
7.45113 -0.3020225361350703 23273.1 31479.0
7.45163 -0.30169420286003473 23284.0 31483.4
7.45213 -0.3020972325969615 23283.0 31494.7
7.45263 -0.3024950042937021 23282.9 31507.1
7.45313 -0.30291560098934595 23281.5 31518.6
7.45363 -0.3032594229861607 23279.0 31525.9
7.45413 -0.3036654993496558 23284.0 31545.6
7.45463 -0.30417490801162067 23279.7 31555.8
7.45513 -0.30433220036114844 23284.2 31566.9
7.45563 -0.3045847801970104 23288.8 31581.0
7.45613 -0.304994357664613 23286.2 31590.5
7.45663 -0.3052873139497513 23280.7 31592.3
7.45713 -0.30571848006762886 23281.8 31607.4
7.45763 -0.3060536761379409 23286.0 31623.7
7.45813 -0.3062852633065468 23286.7 31632.0
7.45863 -0.30662332752091404 23286.9 31642.9
7.45913 -0.30708048557888334 23286.2 31656.4
7.45963 -0.3077408160810907 23287.6 31679.2
7.46013 -0.3082259754348979 23287.0 31693.8
7.46063 -0.3085958918181315 23287.9 31706.8
7.46113 -0.3090526129674762 23294.3 31730.0
7.46163 -0.3095743677039313 23296.9 31750.1
7.46213 -0.3101229406575807 23291.3 31759.9
7.46263 -0.3110706289860224 23287.3 31784.5
7.46313 -0.31158215620813406 23287.2 31800.6
7.46363 -0.31170897457488905 23283.2 31799.2
7.46413 -0.3126411776411161 23275.1 31817.7
7.46463 -0.3135021952804612 23280.3 31852.3
7.46513 -0.3141233418892328 23283.7 31876.7
7.46563 -0.31481727173511165 23283.7 31898.8
7.46613 -0.31558792561071924 23292.7 31935.8
7.46663 -0.3162702171652435 23293.6 31958.8
7.46713 -0.31749984955329136 23296.9 32002.7
7.46763 -0.3183743953848844 23310.8 32049.8
7.46813 -0.31898355069943823 23307.3 32064.5
7.46863 -0.3196231699918647 23288.1 32058.7
7.46913 -0.3204878975333562 23292.1 32091.9
7.46963 -0.3215275213673488 23299.8 32135.9
7.47013 -0.322105807423895 23295.9 32149.0
7.47063 -0.3231458163167629 23282.6 32164.2
7.47113 -0.3235791446165377 23294.1 32194.0
7.47163 -0.32463224685442155 23294.2 32228.1
7.47213 -0.32534565297257434 23305.6 32266.8
7.47263 -0.3258759459892017 23298.9 32274.6
7.47313 -0.32674861626029955 23299.9 32304.2
7.47363 -0.3273715125158739 23301.9 32327.1
7.47413 -0.328264492443591 23290.2 32339.8
7.47463 -0.3290497493969687 23306.0 32387.1
7.47513 -0.3299050792144722 23303.4 32411.2
7.47563 -0.3304220379247063 23312.2 32440.2
7.47613 -0.331146706852103 23298.8 32445.1
7.47663 -0.33175484103872643 23298.2 32463.9
7.47713 -0.3321572433361868 23321.9 32510.0
7.47763 -0.3331125642960969 23310.2 32524.8
7.47813 -0.333536003109073 23320.0 32552.3
7.47863 -0.3344888507989949 23319.3 32582.4
7.47913 -0.3349925515300433 23315.5 32593.4
7.47963 -0.335790058370443 23315.1 32618.8
7.48013 -0.3362434108027752 23323.3 32645.1
7.48063 -0.33675388229430064 23318.6 32655.3
7.48113 -0.3376996145315573 23316.5 32683.2
7.48163 -0.33849292387757796 23325.3 32721.5
7.48213 -0.33900054434077287 23331.1 32746.3
7.48263 -0.33924385202373447 23333.6 32757.7
7.48313 -0.3398743000181837 23328.5 32771.2
7.48363 -0.3407594674102356 23336.7 32811.7
7.48413 -0.34132280033753737 23337.1 32830.7
7.48463 -0.3420036098180829 23340.1 32857.3
7.48513 -0.3429212414809792 23344.5 32893.8
7.48563 -0.343643648293001 23349.0 32923.9
7.48613 -0.3444096148820341 23340.3 32936.7
7.48663 -0.34519949859811 23334.6 32954.8
7.48713 -0.345715722501335 23353.5 32998.6
7.48763 -0.34654309860895205 23360.1 33035.2
7.48813 -0.34726264286682523 23346.3 33039.5
7.48863 -0.3478829985724894 23337.1 33046.8
7.48913 -0.3484953506540945 23346.6 33080.6
7.48963 -0.3492456465633716 23362.5 33128.0
7.49013 -0.34986479910778684 23359.3 33143.9
7.49063 -0.3502319879020964 23358.2 33154.6
7.49113 -0.3508424476728111 23365.7 33185.5
7.49163 -0.3516238756448263 23370.7 33218.6
7.49213 -0.3521084503007261 23366.8 33229.1
7.49263 -0.3526679693495451 23360.2 33238.3
7.49313 -0.3529665383349182 23356.1 33242.3
7.49363 -0.3532809289001799 23357.0 33254.1
7.49413 -0.3538669268379316 23372.9 33296.3
7.49463 -0.35442697216634866 23376.6 33320.1
7.49513 -0.35487732457653137 23369.0 33324.3
7.49563 -0.3553486596127234 23367.3 33337.5
7.49613 -0.3559837302733091 23378.6 33374.9
7.49663 -0.3562402975551312 23379.8 33385.2
7.49713 -0.3565768314343499 23368.0 33379.6
7.49763 -0.3569947312199788 23374.5 33402.9
7.49813 -0.3574433578084651 23377.6 33422.2
7.49863 -0.3577511143083769 23377.0 33431.7
7.49913 -0.35800378068047584 23362.8 33419.8
7.49963 -0.35801482797604284 23357.0 33411.9
7.50013 -0.3583922178450926 23369.3 33442.1
7.50063 -0.35837231820610427 23396.1 33479.8
7.50113 -0.35855113772200903 23388.8 33475.3
7.50163 -0.35920991896391974 23362.2 33459.3
7.50213 -0.3592776150618199 23365.6 33466.3
7.50263 -0.3595559541976506 23374.5 33488.5
7.50313 -0.35982464273744613 23371.9 33493.8
7.50363 -0.3600542486508502 23370.2 33499.0
7.50413 -0.3604828021801778 23379.9 33527.3
7.50463 -0.3609496302196017 23377.0 33538.8
7.50513 -0.36100791095259505 23371.7 33533.2
7.50563 -0.3612163633548003 23374.4 33544.1
7.50613 -0.36175602041272226 23358.3 33539.0
7.50663 -0.3619222328758817 23356.9 33542.6
7.50713 -0.36208662159523664 23361.5 33554.6
7.50763 -0.36249121495468645 23350.5 33552.5
7.50813 -0.36304917491538163 23359.9 33584.7
7.50863 -0.36323792344484834 23359.1 33589.9
7.50913 -0.3638180703333322 23358.1 33607.9
7.50963 -0.3641113231311842 23355.2 33613.6
7.51013 -0.36451820798166235 23368.1 33645.9
7.51063 -0.365179999890403 23361.4 33658.5
7.51113 -0.36491203194055455 23337.7 33615.4
7.51163 -0.3656172278520984 23339.9 33642.2
7.51213 -0.3658571836897819 23356.9 33674.7
7.51263 -0.36599712301130777 23351.0 33671.0
7.51313 -0.36666468755768494 23322.5 33652.3
7.51363 -0.3671730185797263 23320.0 33665.9
7.51413 -0.3676367932020286 23331.9 33698.6
7.51463 -0.3677308289707 23358.8 33740.7
7.51513 -0.3682238107493812 23337.5 33726.5
7.51563 -0.3686311936998216 23312.2 33703.7
7.51613 -0.36932379149047895 23322.2 33741.5
7.51663 -0.3696819998635136 23330.7 33765.9
7.51713 -0.3700032622941912 23320.6 33762.1
7.51763 -0.37059274041143003 23309.5 33765.9
7.51813 -0.3709823648930638 23301.0 33766.8
7.51863 -0.37120785542233004 23317.4 33798.2
7.51913 -0.3718846319506426 23305.2 33803.4
7.51963 -0.3720171114223803 23311.9 33817.6
7.52013 -0.37254193922092016 23309.3 33831.6
7.52063 -0.37315607533715095 23300.0 33838.9
7.52113 -0.3737012724736437 23286.4 33837.5
7.52163 -0.3737139959924988 23291.9 33845.9
7.52213 -0.37415630525162924 23289.8 33857.9
7.52263 -0.374255562060902 23285.9 33855.5
7.52313 -0.3747517921331519 23267.2 33845.1
7.52363 -0.37507777910580276 23286.0 33883.6
7.52413 -0.37582689396306507 23284.9 33907.3
7.52463 -0.37615746393803695 23273.7 33902.3
7.52513 -0.37647036272760803 23279.7 33921.6
7.52563 -0.3765276373215043 23276.1 33918.3
7.52613 -0.37686139887396897 23270.2 33921.1
7.52663 -0.37710329530947273 23271.1 33930.6
7.52713 -0.3777618830162222 23263.8 33942.3
7.52763 -0.37816978461469264 23257.6 33947.0
7.52813 -0.37834824792653365 23265.8 33965.0
7.52863 -0.3786993135114703 23258.9 33966.9
7.52913 -0.3788249869122071 23262.6 33976.6
7.52963 -0.3789591135332495 23253.9 33968.4
7.53013 -0.37913434849473154 23252.6 33972.5
7.53063 -0.3795913789492642 23248.7 33982.3
7.53113 -0.38002584212525736 23239.5 33983.7
7.53163 -0.3803259638210269 23235.7 33988.3
7.53213 -0.38055697118504 23251.9 34019.8
7.53263 -0.38116868605255416 23234.0 34014.4
7.53313 -0.38140606639651703 23235.6 34024.8
7.53363 -0.38163819191505366 23240.3 34039.7
7.53413 -0.38242558008676664 23223.6 34041.9
7.53463 -0.3825490037773886 23236.2 34064.6
7.53513 -0.3830651545725033 23237.8 34084.6
7.53563 -0.3834115356832937 23238.6 34097.5
7.53613 -0.38411198608259195 23224.1 34100.2
7.53663 -0.3842027118422196 23237.9 34123.5
7.53713 -0.38433195606359477 23232.0 34119.2
7.53763 -0.38484380940588203 23225.9 34127.8
7.53813 -0.3852845484367509 23217.9 34131.1
7.53863 -0.38571317958481216 23221.2 34150.6
7.53913 -0.3860900313473389 23217.4 34157.8
7.53963 -0.38634911820315304 23215.2 34163.4
7.54013 -0.3866758067691551 23218.1 34178.9
7.54063 -0.3870391945020081 23228.2 34206.1
7.54113 -0.3876672482856615 23225.7 34224.0
7.54163 -0.38807086695448245 23211.7 34217.2
7.54213 -0.38832253464599803 23215.6 34231.6
7.54263 -0.3888418919267541 23218.8 34254.0
7.54313 -0.38932649878118697 23222.4 34275.9
7.54363 -0.38958851280299334 23222.8 34285.6
7.54413 -0.39005860414227783 23217.6 34294.0
7.54463 -0.39047200121849956 23215.8 34305.5
7.54513 -0.3910120819845399 23216.4 34325.0
7.54563 -0.39132068288012717 23224.4 34347.3
7.54613 -0.39169576202801176 23229.7 34368.0
7.54663 -0.3918904941058378 23217.4 34356.6
7.54713 -0.3925165203016579 23215.0 34374.5
7.54763 -0.39292573452964363 23217.4 34392.2
7.54813 -0.39319182475992975 23230.0 34420.0
7.54863 -0.3934418404584189 23229.8 34428.3
7.54913 -0.3939494018994348 23229.7 34445.6
7.54963 -0.3941033529287648 23232.5 34455.0
7.55013 -0.39454912770256656 23231.0 34468.2
7.55063 -0.3948520466362023 23235.9 34485.9
7.55113 -0.3950163880796319 23230.4 34483.3
7.55163 -0.3955102898606897 23239.3 34513.6
7.55213 -0.3959178484254633 23239.7 34528.3
7.55263 -0.39611023499815406 23233.2 34525.4
7.55313 -0.39611222578988964 23241.5 34537.7
7.55363 -0.3968148736815846 23239.4 34558.9
7.55413 -0.3968190897924619 23248.6 34572.6
7.55463 -0.3972086058971234 23238.8 34571.5
7.55513 -0.39729621081711447 23244.7 34583.3
7.55563 -0.3974374233510809 23249.1 34594.8
7.55613 -0.3980120198264821 23241.9 34604.0
7.55663 -0.39782247682875577 23260.2 34624.7
7.55713 -0.3981616111137166 23260.0 34636.2
7.55763 -0.3982112496256208 23245.0 34615.5
7.55813 -0.3985418182912716 23256.6 34644.3
7.55863 -0.39864704831500536 23262.4 34656.5
7.55913 -0.3988251120315618 23255.6 34652.6
7.55963 -0.3996998191895987 23251.1 34676.2
7.56013 -0.3995318833604248 23265.2 34691.4
7.56063 -0.3995890718685047 23268.8 34698.7
7.56113 -0.40005434359233394 23265.5 34709.9
7.56163 -0.4004606271722062 23255.4 34709.0
7.56213 -0.40079797637995135 23269.2 34741.3
7.56263 -0.4008142026861859 23273.5 34748.2
7.56313 -0.4013719401149331 23263.2 34752.2
7.56363 -0.4013608170182251 23267.3 34758.0
7.56413 -0.40175206274109443 23275.0 34783.0
7.56463 -0.4018961263648144 23273.0 34785.1
7.56513 -0.402209111402941 23269.0 34790.0
7.56563 -0.4024903223780661 23269.0 34799.8
7.56613 -0.40262170821235366 23271.9 34808.8
7.56663 -0.4031143081366231 23269.1 34821.7
7.56713 -0.40377632506398975 23264.2 34837.4
7.56763 -0.40438531970002284 23248.5 34835.1
7.56813 -0.4049752323296876 23243.1 34847.6
7.56863 -0.40504657184663295 23239.2 34844.2
7.56913 -0.40588463694444654 23216.5 34839.3
7.56963 -0.40611717688614124 23196.9 34818.0
7.57013 -0.4065203893716962 23187.5 34817.9
7.57063 -0.40717826997626183 23156.0 34793.6
7.57113 -0.40770903149409177 23112.9 34747.3
7.57163 -0.4083361506628738 23053.2 34679.3
7.57213 -0.408946777513594 22934.7 34522.0
7.57263 -0.4095582369726958 22741.5 34252.1
7.57313 -0.4103044143914651 22309.1 33626.0
7.57363 -0.41105581859003903 21488.3 32413.1
7.57413 -0.4114711534536106 20450.7 30860.8
7.57463 -0.41152776069068975 20658.8 31176.7
7.57513 -0.4119718583851588 22126.4 33406.5
7.57563 -0.412721262830274 23128.4 34945.4
7.57613 -0.4132447879023682 23235.9 35126.1
7.57663 -0.41428442053984593 22556.3 34133.9
7.57713 -0.41513897911505837 21402.5 32415.6
7.57763 -0.4153763029104689 21166.0 32065.3
7.57813 -0.4157946804940287 21939.3 33250.8
7.57863 -0.41648694927223184 22639.8 34336.2
7.57913 -0.41725461444969214 22976.3 34873.2
7.57963 -0.41777430582703196 23154.5 35162.0
7.58013 -0.4184093007476584 23248.0 35326.4
7.58063 -0.41897177120001583 23280.8 35396.1
7.58113 -0.41932698859915024 23317.5 35464.5
7.58163 -0.4199632548277682 23347.0 35531.9
7.58213 -0.4206639519835349 23353.0 35566.0
7.58263 -0.42099532256366856 23368.7 35601.7
7.58313 -0.42172851490755386 23382.7 35649.1
7.58363 -0.42230904717354084 23379.3 35664.7
7.58413 -0.4228778259768723 23386.4 35695.7
7.58463 -0.4233976667365913 23388.8 35718.1
7.58513 -0.42369898334982337 23388.3 35728.0
7.58563 -0.42427855261519565 23391.5 35753.6
7.58613 -0.42504886290645016 23397.7 35790.7
7.58663 -0.425522618153729 23402.1 35814.4
7.58713 -0.4258716659926913 23403.0 35828.2
7.58763 -0.4264999276618326 23407.9 35858.2
7.58813 -0.4272201364875424 23407.1 35882.9
7.58863 -0.4275178526230102 23403.5 35888.1
7.58913 -0.42794313372635506 23401.4 35900.0
7.58963 -0.42858306925613066 23404.7 35928.1
7.59013 -0.428950901995056 23404.5 35941.0
7.59063 -0.42918645160052055 23393.3 35932.2
7.59113 -0.4296451121732663 23393.4 35948.9
7.59163 -0.4300465942402579 23405.9 35982.5
7.59213 -0.4302805482883938 23407.7 35993.7
7.59263 -0.43077491653229955 23402.0 36002.8
7.59313 -0.4312800435327363 23404.0 36024.1
7.59363 -0.43164331226929065 23408.1 36043.5
7.59413 -0.4317663520992064 23405.7 36044.2
7.59463 -0.4321649061118555 23401.4 36052.0
7.59513 -0.43255482376405086 23409.0 36077.7
7.59563 -0.43278365045200207 23409.7 36087.0
7.59613 -0.43319437362452606 23405.4 36095.3
7.59663 -0.4338307234691452 23402.6 36113.9
7.59713 -0.43397445323046235 23402.6 36119.1
7.59763 -0.4343879695118774 23399.3 36128.9
7.59813 -0.43470538358563576 23401.3 36143.5
7.59863 -0.4353745842379221 23404.8 36173.1
7.59913 -0.43572323959312437 23405.1 36186.1
7.59963 -0.43622814257003795 23407.7 36208.4
7.60013 -0.43646277173661513 23402.7 36209.3
7.60063 -0.43680248758757884 23405.4 36225.7
7.60113 -0.4372463356142194 23403.2 36238.5
7.60163 -0.4375599085927176 23410.0 36260.4
7.60213 -0.43794370134287813 23403.5 36264.2
7.60263 -0.4380998265812872 23405.2 36272.4
7.60313 -0.4387821213840819 23392.7 36277.7
7.60363 -0.4391716918968575 23398.4 36300.7
7.60413 -0.43925439128140525 23403.3 36311.4
7.60463 -0.43970844908932705 23407.7 36334.8
7.60513 -0.440554444650648 23401.1 36355.2
7.60563 -0.4407363248885136 23415.9 36384.9
7.60613 -0.4413075203693272 23415.0 36404.3
7.60663 -0.44135570978987476 23415.0 36406.0
7.60713 -0.4419306232135452 23396.1 36397.5
7.60763 -0.44197522270037254 23412.6 36424.8
7.60813 -0.44287981757555034 23409.4 36452.8
7.60863 -0.44341602517843554 23409.9 36473.1
7.60913 -0.4438152334141295 23404.6 36479.5
7.60963 -0.44412799703077666 23412.7 36503.4
7.61013 -0.44463557445961843 23416.5 36527.9
7.61063 -0.4450627209308688 23412.2 36536.8
7.61113 -0.4455158342469657 23406.3 36544.2
7.61163 -0.4460664459438392 23415.8 36579.1
7.61213 -0.4461870349750418 23426.6 36600.4
7.61263 -0.4468576750856076 23423.1 36619.5
7.61313 -0.4472262675857073 23420.3 36628.6
7.61363 -0.44748917382709336 23423.5 36643.2
7.61413 -0.44802564762956937 23414.2 36648.3
7.61463 -0.44838982362450697 23412.9 36659.6
7.61513 -0.44881847537198505 23414.4 36677.7
7.61563 -0.44909645550871635 23423.4 36702.0
7.61613 -0.4495443047982512 23424.2 36719.8
7.61663 -0.4500791651788639 23419.4 36731.9
7.61713 -0.45044798308421885 23415.7 36739.6
7.61763 -0.4509599885568998 23416.7 36759.9
7.61813 -0.45133622295319054 23421.0 36780.6
7.61863 -0.4515121931100413 23421.0 36787.0
7.61913 -0.45199689412891636 23415.2 36795.8
7.61963 -0.45266167984638245 23411.4 36814.2
7.62013 -0.4529809304253055 23416.8 36834.5
7.62063 -0.4529550714049879 23423.2 36843.6
7.62113 -0.4530049975986221 23429.5 36855.3
7.62163 -0.45336906443398284 23434.8 36877.2
7.62213 -0.45394491990136043 23430.0 36890.8
7.62263 -0.454249614873592 23427.4 36897.9
7.62313 -0.45448438774082195 23426.3 36904.9
7.62363 -0.4547403603210932 23430.0 36920.1
7.62413 -0.45507156469525917 23438.5 36945.8
7.62463 -0.4554629202942514 23437.3 36958.4
7.62513 -0.4559968403945902 23424.0 36957.1
7.62563 -0.45612149813513286 23414.2 36946.3
7.62613 -0.45657770801871844 23440.6 37004.8
7.62663 -0.45689022719509836 23444.0 37021.7
7.62713 -0.45710609648933853 23444.7 37030.8
7.62763 -0.45756577475253835 23450.2 37056.6
7.62813 -0.4578156562297023 23442.2 37053.1
7.62863 -0.45847389706161357 23446.8 37084.8
7.62913 -0.4587161977922891 23433.0 37072.0
7.62963 -0.45928578889935184 23226.2 36765.7
7.63013 -0.45970176047164724 22991.2 36408.9
7.63063 -0.45995359190334734 23284.2 36882.3
7.63113 -0.4606693824733064 23387.7 37072.7
7.63163 -0.4608854316867058 23423.1 37136.7
7.63213 -0.46140882109341563 23420.7 37152.5
7.63263 -0.4616939428254135 23432.9 37182.4
7.63313 -0.4620350156838778 23435.0 37198.4
7.63363 -0.46265973012181855 23442.0 37232.7
7.63413 -0.46299199728872253 23442.5 37245.9
7.63463 -0.4631703542341719 23439.0 37247.0
7.63513 -0.4640292962644008 23424.8 37256.5
7.63563 -0.46450251205251125 23434.0 37288.7
7.63613 -0.4652372689248771 23432.0 37313.0
7.63663 -0.46569261297934544 23420.3 37311.3
7.63713 -0.46594948630310945 23404.2 37295.2
7.63763 -0.4663346988603102 23343.2 37212.3
7.63813 -0.4670186243505304 23125.0 36889.6
7.63863 -0.467567354748743 22823.0 36427.9
7.63913 -0.4679476605717607 22655.6 36174.5
7.63963 -0.46829367526243754 22955.1 36665.5
7.64013 -0.4684327997345949 23432.5 37433.2
7.64063 -0.4687192926711746 23602.8 37716.1
7.64113 -0.4692112506968273 23598.8 37728.2
7.64163 -0.4697265408786064 23592.7 37737.9
7.64213 -0.47036762275815314 23577.2 37737.2
7.64263 -0.47076187794643576 23563.3 37729.9
7.64313 -0.47095887803279196 23568.0 37744.8
7.64363 -0.4714235650117124 23573.7 37771.6
7.64413 -0.4721562929525022 23574.4 37800.3
7.64463 -0.4724158986085545 23567.5 37799.1
7.64513 -0.47284248330399103 23563.3 37808.4
7.64563 -0.47334137098215845 23570.0 37838.1
7.64613 -0.4739282626408093 23576.2 37870.3
7.64663 -0.47437743113048564 23578.0 37890.2
7.64713 -0.4748404920189561 23578.2 37908.0
7.64763 -0.47526235495442265 23582.4 37930.8
7.64813 -0.47544777535925015 23602.9 37970.8
7.64863 -0.47574049867234197 23602.0 37980.5
7.64913 -0.4761270502194548 23600.1 37992.2
7.64963 -0.47633244868310803 23602.8 38004.3
7.65013 -0.47686790457070427 23605.7 38029.3
7.65063 -0.47737847464334177 23601.0 38041.1
7.65113 -0.47776278449097737 23610.3 38070.7
7.65163 -0.47799251948032284 23620.0 38095.2
7.65213 -0.4783702496411045 23619.7 38109.1
7.65263 -0.47889486623934197 23616.0 38123.1
7.65313 -0.47897271562907234 23631.6 38151.2
7.65363 -0.47930498490179346 23643.5 38183.1
7.65413 -0.4797474921604741 23637.3 38190.0
7.65463 -0.4802673656771069 23635.7 38207.2
7.65513 -0.48075733971144036 23637.4 38228.8
7.65563 -0.4810830803359724 23644.5 38252.7
7.65613 -0.48133612178038376 23656.0 38280.9
7.65663 -0.48159438305049995 23659.1 38295.9
7.65713 -0.48195745273182133 23655.2 38303.4
7.65763 -0.48240724037128546 23656.9 38323.5
7.65813 -0.4828361115988133 23662.0 38348.2
7.65863 -0.4831808020705622 23662.7 38362.5
7.65913 -0.4833969125506053 23666.6 38377.1
7.65963 -0.4837702967393678 23669.9 38396.8
7.66013 -0.48406743503179767 23668.5 38406.0
7.66063 -0.484010879409868 23678.5 38419.9
7.66113 -0.48450080012483315 23682.9 38445.9
7.66163 -0.48469715433408883 23694.7 38472.6
7.66213 -0.4850160722350632 23694.4 38484.5
7.66263 -0.4852682583938603 23703.8 38509.4
7.66313 -0.4857051384383909 23702.0 38523.4
7.66363 -0.48637678404281176 23702.0 38549.2
7.66413 -0.4864744852268569 23702.0 38553.0
7.66463 -0.4867104960681879 23703.0 38563.7
7.66513 -0.48701859893323707 23711.5 38589.4
7.66563 -0.4873028617910451 23717.5 38610.1
7.66613 -0.48764520828476415 23715.4 38619.9
7.66663 -0.48776690198593203 23720.9 38633.6
7.66713 -0.4882106932479066 23721.2 38651.3
7.66763 -0.48846302178640183 23721.8 38662.0
7.66813 -0.4888025354727426 23727.1 38683.9
7.66863 -0.4891408933969208 23724.8 38693.1
7.66913 -0.4892984077472654 23731.0 38709.3
7.66963 -0.4894405214998393 23740.0 38729.5
7.67013 -0.4895642270653684 23744.2 38741.1
7.67063 -0.4898992995357109 23740.0 38747.3
7.67113 -0.4903362612122188 23741.6 38766.9
7.67163 -0.49069953853094705 23747.5 38790.5
7.67213 -0.4909157386776998 23748.9 38801.2
7.67263 -0.4910771343115862 23748.8 38807.3
7.67313 -0.49150247681045917 23747.4 38821.5
7.67363 -0.4919413669844738 23752.2 38846.4
7.67413 -0.49218765841666456 23759.1 38867.3
7.67463 -0.4925864330844756 23757.3 38879.8
7.67513 -0.4929712042080364 23758.5 38896.7
7.67563 -0.49319337427815696 23759.8 38907.6
7.67613 -0.4934338215245856 23760.3 38917.7
7.67663 -0.49367053405756994 23768.5 38940.4
7.67713 -0.49389431126013333 23778.1 38964.8
7.67763 -0.494494031537937 23769.3 38973.8
7.67813 -0.494625285597939 23775.1 38988.3
7.67863 -0.49495792751067147 23778.9 39007.7
7.67913 -0.4954080652798189 23777.1 39022.2
7.67963 -0.49559608508093095 23774.2 39024.8
7.68013 -0.49597253215449316 23774.0 39039.2
7.68063 -0.49598437496015 23774.8 39041.0
7.68113 -0.4961784913638431 23779.0 39055.4
7.68163 -0.4966866299105334 23779.2 39075.7
7.68213 -0.4968490890155911 23784.7 39091.0
7.68263 -0.49766564844334005 23783.6 39121.2
7.68313 -0.49805799296627024 23783.3 39135.9
7.68363 -0.49820300567781367 23782.3 39139.9
7.68413 -0.49827835503058904 23791.1 39157.4
7.68463 -0.49876491950167395 23797.6 39187.1
7.68513 -0.49942256776796967 23792.7 39204.9
7.68563 -0.4996873649733438 23791.7 39213.6
7.68613 -0.499994842162973 23789.2 39221.6
7.68663 -0.5004789810549405 23780.5 39226.2
7.68713 -0.5010520540087643 23779.4 39246.8
7.68763 -0.5013534147685975 23777.4 39255.4
7.68813 -0.5016934155710748 23767.5 39252.5
7.68863 -0.5022117519171214 23774.2 39283.8
7.68913 -0.5025159166825909 23791.6 39324.4
7.68963 -0.5030895355003353 23785.7 39337.4
7.69013 -0.5036330898344435 23799.5 39381.5
7.69063 -0.5038431676956918 23790.7 39375.3
7.69113 -0.5046262178511413 23810.9 39439.7
7.69163 -0.5049102833539753 23795.9 39426.0
7.69213 -0.5052914968318262 23791.3 39433.3
7.69263 -0.5055113864749408 23794.6 39447.5
7.69313 -0.5062649181618784 23786.4 39463.6
7.69363 -0.5065021520579841 23786.6 39473.4
7.69413 -0.5068457964476032 23787.0 39487.5
7.69463 -0.5075574116624239 23791.5 39523.1
7.69513 -0.5081720465389292 23793.0 39549.9
7.69563 -0.508626509223208 23790.6 39563.9
7.69613 -0.508789590181255 23806.1 39596.2
7.69663 -0.5090373658395184 23815.2 39621.1
7.69713 -0.5097898755920133 23802.8 39630.2
7.69763 -0.5102592644358668 23800.3 39644.7
7.69813 -0.510452983135831 23798.8 39649.8
7.69863 -0.510905578740127 23787.5 39649.0
7.69913 -0.5113551527533045 23778.8 39652.3
7.69963 -0.5116971053357969 23777.5 39663.8
7.70013 -0.5118755913170308 23792.7 39696.2
7.70063 -0.5123682562481827 23792.0 39714.6
7.70113 -0.5127152321225762 23794.0 39731.6
7.70163 -0.5133829710340894 23801.3 39770.4
7.70213 -0.51379638615271 23790.7 39769.2
7.70263 -0.5138986115284766 23807.0 39800.4
7.70313 -0.5146035003766957 23781.0 39785.0
7.70363 -0.5148465355397054 23783.9 39799.6
7.70413 -0.5154779785749121 23786.9 39829.7
7.70463 -0.5159324891941623 23788.8 39851.0
7.70513 -0.5161452763370052 23769.9 39827.9
7.70563 -0.5165181751943337 23773.3 39848.3
7.70613 -0.5167514298595915 23787.5 39881.4
7.70663 -0.5171559104392028 23792.7 39906.3
7.70713 -0.5178582953679575 23783.1 39918.3
7.70763 -0.5180540259684138 23774.5 39911.6
7.70813 -0.5184012157910127 23780.2 39935.1
7.70863 -0.5190035288629784 23792.2 39979.3
7.70913 -0.5193447552297137 23786.9 39984.0
7.70963 -0.5197486665469372 23767.9 39968.2
7.71013 -0.5202017848078095 23765.6 39982.5
7.71063 -0.5204149750643426 23780.0 40015.3
7.71113 -0.5208597238071383 23781.5 40035.5
7.71163 -0.5215421307803899 23772.4 40047.6
7.71213 -0.5218303988731637 23779.9 40071.8
7.71263 -0.5226205699637815 23774.5 40094.3
7.71313 -0.522802287341451 23784.0 40117.5
7.71363 -0.5235546027677809 23794.3 40165.3
7.71413 -0.5233646940867073 23802.6 40171.6
7.71463 -0.523972865039254 23765.7 40133.8
7.71513 -0.5247635326860188 23728.0 40101.7
7.71563 -0.5253096073055457 23517.7 39767.9
7.71613 -0.5253525231690237 23323.1 39440.6
7.71663 -0.5259331030664809 23526.1 39807.0
7.71713 -0.5264992603783221 23673.5 40079.1
7.71763 -0.5270392044389275 23723.0 40184.5
7.71813 -0.5274198089104499 23755.5 40254.9
7.71863 -0.5275568482258839 23785.0 40310.5
7.71913 -0.5278744945334749 23786.8 40326.4
7.71963 -0.528332918677041 23787.2 40345.5
7.72013 -0.528714183559511 23789.3 40364.5
7.72063 -0.529041030255737 23788.5 40376.4
7.72113 -0.5293158377944644 23787.6 40385.8
7.72163 -0.5297005679653363 23775.7 40381.1
7.72213 -0.5302011318843612 23780.3 40409.2
7.72263 -0.5304749474131976 23789.7 40436.2
7.72313 -0.5306638434680785 23793.8 40450.9
7.72363 -0.5307195132983655 23788.3 40443.9
7.72413 -0.5313750740227099 23801.0 40491.9
7.72463 -0.5320468556741111 23801.2 40519.5
7.72513 -0.5322386540304662 23811.5 40544.8
7.72563 -0.5326608743239609 23804.8 40550.5
7.72613 -0.5330695991071325 23806.6 40570.2
7.72663 -0.5334334594402703 23807.0 40585.6
7.72713 -0.5335397825238707 23805.4 40587.2
7.72763 -0.5342405596124663 23803.5 40612.4
7.72813 -0.5344249981256952 23817.6 40644.0
7.72863 -0.5346501289471959 23816.2 40650.8
7.72913 -0.5351882039458905 23813.8 40668.4
7.72963 -0.53554312389402 23819.8 40693.1
7.73013 -0.535853942644697 23824.0 40713.0
7.73063 -0.5364073465390932 23831.3 40748.0
7.73113 -0.5369323405230119 23829.0 40765.4
7.73163 -0.5372114912308222 23811.2 40746.4
7.73213 -0.5373160179850558 23825.1 40774.4
7.73263 -0.5376282607221163 23843.2 40818.2
7.73313 -0.5382900332486938 23842.4 40843.8
7.73363 -0.5387423564460732 23835.8 40851.1
7.73413 -0.5393665958351528 23835.7 40876.3
7.73463 -0.539857799970756 23841.9 40907.1
7.73513 -0.5400482898957331 23840.1 40911.8
7.73563 -0.5405606186683165 23839.1 40931.0
7.73613 -0.5408281785303392 23848.6 40958.2
7.73663 -0.5408293037266686 23854.0 40967.7
7.73713 -0.5412160174877442 23860.1 40994.0
7.73763 -0.5416341906149131 23870.3 41028.6
7.73813 -0.5419966427306608 23868.7 41040.7
7.73863 -0.5423569083966537 23858.4 41037.8
7.73913 -0.5425548969162785 23860.3 41049.2
7.73963 -0.5429601402155366 23868.6 41080.1
7.74013 -0.5435962307836437 23870.2 41109.0
7.74063 -0.5439404169281635 23865.7 41115.4
7.74113 -0.5441164835354937 23864.3 41120.3
7.74163 -0.5446043488640943 23876.3 41160.9
7.74213 -0.5448933238379535 23895.9 41206.6
7.74263 -0.5451995511245743 23898.4 41223.6
7.74313 -0.5454493841388636 23895.0 41228.0
7.74363 -0.5456878522697242 23893.9 41236.0
7.74413 -0.5462354088047259 23881.4 41236.9
7.74463 -0.5465233781844333 23897.4 41276.4
7.74513 -0.5470262010298057 23898.9 41299.9
7.74563 -0.5472449849296901 23903.2 41316.3
7.74613 -0.5475002266546731 23911.3 41340.8
7.74663 -0.5479302827751844 23901.8 41342.3
7.74713 -0.5481479790286897 23911.5 41368.0
7.74763 -0.5483588639131249 23925.4 41400.8
7.74813 -0.5489784574476048 23922.2 41420.8
7.74863 -0.549287228576665 23918.0 41426.5
7.74913 -0.5494447497754282 23921.4 41438.9
7.74963 -0.549873093110763 23924.3 41461.6
7.75013 -0.550261939010216 23924.5 41478.1
7.75063 -0.5507595239814496 23920.5 41491.8
7.75113 -0.551165608022787 23921.0 41509.5
7.75163 -0.551210603530522 23933.4 41532.9
7.75213 -0.5516160528386023 23936.3 41554.8
7.75263 -0.552277315949485 23943.8 41595.3
7.75313 -0.552690740619996 23942.3 41609.9
7.75363 -0.5529939344616039 23954.6 41643.8
7.75413 -0.5529312927129812 23950.4 41634.0
7.75463 -0.5535885304579468 23954.3 41668.1
7.75513 -0.5537045581556985 23952.6 41670.0
7.75563 -0.5540445048036096 23958.6 41694.6
7.75613 -0.5545197420993527 23965.7 41726.8
7.75663 -0.5548433397669543 23964.4 41738.0
7.75713 -0.5551254135854816 23966.8 41754.0
7.75763 -0.5555653133278668 23972.4 41782.1
7.75813 -0.5560253263834762 23975.2 41806.3
7.75863 -0.5564307953979932 23980.2 41831.9
7.75913 -0.5568563945122943 23984.2 41856.7
7.75963 -0.557054808868433 23982.8 41862.6
7.76013 -0.557263619997004 23992.4 41888.0
7.76063 -0.5577248881246982 23993.5 41909.3
7.76113 -0.5584181432622772 23990.7 41933.5
7.76163 -0.5584987039618181 24000.1 41953.3
7.76213 -0.5589304117514494 24014.6 41996.7
7.76263 -0.5592433602984384 24006.7 41996.2
7.76313 -0.5598805143237562 24004.3 42018.6
7.76363 -0.56020001026685 24009.7 42041.5
7.76413 -0.5602928064998585 24014.8 42054.4
7.76463 -0.56083939868237 24022.5 42090.8
7.76513 -0.5614863742334568 24011.8 42099.4
7.76563 -0.5616989088475142 24021.5 42125.3
7.76613 -0.5618528384245473 24031.4 42149.2
7.76663 -0.5623138124510717 24035.0 42174.9
7.76713 -0.5628147290524224 24039.4 42203.8
7.76763 -0.5632465521062054 24035.3 42214.8
7.76813 -0.5638518033431804 24033.7 42237.5
7.76863 -0.5642614007696883 24039.6 42265.1
7.76913 -0.5643760498324377 24045.7 42280.7
7.76963 -0.5648282065712826 24049.3 42306.1
7.77013 -0.5651184945965971 24051.2 42321.9
7.77063 -0.5652641641596774 24054.0 42332.9
7.77113 -0.5658805692044826 24048.5 42349.4
7.77163 -0.5661872063832871 24059.9 42382.4
7.77213 -0.5666302966107483 24066.0 42411.9
7.77263 -0.5669438013944567 24058.1 42411.3
7.77313 -0.5672853512866646 24059.1 42427.7
7.77363 -0.5677514618751498 24066.7 42460.8
7.77413 -0.5681231611963349 24064.8 42473.3
7.77463 -0.568669254310321 24059.0 42486.1
7.77513 -0.5690924942975994 24059.6 42505.3
7.77563 -0.5693016740238188 24066.8 42526.8
7.77613 -0.5696251855729385 24074.0 42553.2
7.77663 -0.5697761586538652 24075.8 42562.9
7.77713 -0.5702522480278948 24075.3 42582.3
7.77763 -0.5707101156147559 24078.3 42607.1
7.77813 -0.571352625349171 24091.2 42657.3
7.77863 -0.5713458289813786 24094.0 42661.9
7.77913 -0.5718075670547508 24085.5 42666.7
7.77963 -0.572208079129207 24091.0 42693.4
7.78013 -0.572879890040454 24080.9 42704.3
7.78063 -0.5731969281887058 24090.8 42735.4
7.78113 -0.5735658092941932 24090.1 42749.9
7.78163 -0.5737816468422757 24081.2 42743.4
7.78213 -0.574054869445249 24090.6 42771.6
7.78263 -0.5744286177340596 24100.5 42805.3
7.78313 -0.574857879674897 24099.4 42821.7
7.78363 -0.5752262108748503 24099.6 42837.9
7.78413 -0.5754735043955187 24099.0 42847.4
7.78463 -0.5759083498617834 24100.7 42869.0
7.78513 -0.5762956629612411 24108.3 42899.1
7.78563 -0.5765607109618185 24114.9 42922.2
7.78613 -0.5766279546237234 24104.2 42906.1
7.78663 -0.5770059370724072 24109.0 42930.8
7.78713 -0.577583212408425 24098.8 42937.5
7.78763 -0.5781884903029815 24101.5 42968.2
7.78813 -0.5782860520249465 24096.5 42963.5
7.78863 -0.5785693776959261 24097.2 42977.0
7.78913 -0.5786750397015146 24103.8 42993.4
7.78963 -0.579256580434339 24105.9 43022.0
7.79013 -0.579798756919053 24108.5 43050.1
7.79063 -0.5801111163477625 24108.1 43062.7
7.79113 -0.5805072305396702 24100.0 43065.4
7.79163 -0.5808429911209381 24100.1 43080.0
7.79213 -0.581119879612237 24112.8 43114.7
7.79263 -0.5812675409350221 24115.8 43126.4
7.79313 -0.581536501950994 24106.1 43120.6
7.79363 -0.5820246682511822 24098.4 43127.9
7.79413 -0.5827110248459966 24107.9 43174.5
7.79463 -0.5830161780934063 24107.1 43186.2
7.79513 -0.5830771916452817 24102.6 43180.8
7.79563 -0.5836815493595903 24102.8 43207.3
7.79613 -0.5838618844668279 24103.0 43215.5
7.79663 -0.5842064125309401 24106.3 43236.2
7.79713 -0.5846062930511644 24103.9 43249.3
7.79763 -0.5849184476821088 24102.1 43259.4
7.79813 -0.5850430743033112 24103.0 43266.5
7.79863 -0.5852057416060266 24097.5 43263.6
7.79913 -0.5856244193264608 24093.9 43275.3
7.79963 -0.586045803012777 24105.6 43314.5
7.80013 -0.5864452177794741 24109.6 43339.1
7.80063 -0.5868276384285903 24106.6 43350.3
7.80113 -0.5871118467195058 24098.5 43348.1
7.80163 -0.587487124639227 24105.9 43377.6
7.80213 -0.5876971491949989 24109.6 43393.5
7.80263 -0.5882143194483644 24092.5 43385.0
7.80313 -0.5884455001836385 24095.1 43399.7
7.80363 -0.5886329585351993 24090.0 43398.7
7.80413 -0.588959277594242 24100.8 43432.3
7.80463 -0.5893732083132164 24101.9 43452.4
7.80513 -0.5895468900848555 24091.7 43441.5
7.80563 -0.5898152005511687 24086.6 43443.9
7.80613 -0.5902878607761577 24084.3 43460.3
7.80663 -0.5904657819104309 24075.9 43453.0
7.80713 -0.590821566576736 24069.5 43456.9
7.80763 -0.5908964705331818 24100.1 43515.3
7.80813 -0.5911766009871424 24080.9 43492.9
7.80863 -0.5917476105750235 24080.0 43516.0
7.80913 -0.5920198389787478 24073.4 43516.0
7.80963 -0.5925679789241284 24073.9 43540.7
7.81013 -0.5929192552484729 24079.6 43566.2
7.81063 -0.5931442161557997 24065.5 43550.6
7.81113 -0.5931967151245167 24066.8 43555.3
7.81163 -0.5935618344788692 24066.9 43571.4
7.81213 -0.5939072623316387 24071.4 43594.5
7.81263 -0.5943790764853544 24077.0 43625.3
7.81313 -0.5948808332724523 24071.6 43637.4
7.81363 -0.5950777326162474 24062.0 43628.5
7.81413 -0.5954210359806228 24063.5 43646.2
7.81463 -0.5955809037209238 24068.0 43661.4
7.81513 -0.5961992899985864 24067.2 43686.9
7.81563 -0.5968004887939119 24057.5 43695.5
7.81613 -0.5965010284345199 24043.2 43656.5
7.81663 -0.5970488619816816 24056.5 43704.7
7.81713 -0.5974354442482503 24050.6 43710.8
7.81763 -0.5977017783277458 24055.6 43731.6
7.81813 -0.5979751622635062 24060.0 43751.4
7.81863 -0.5984579014519222 24048.8 43752.2
7.81913 -0.5988712656003549 24049.7 43771.9
7.81963 -0.59922893072483 24057.3 43801.4
7.82013 -0.5998114094745197 24053.2 43819.6
7.82063 -0.6003443768559408 24050.3 43837.6
7.82113 -0.6003850494279626 24049.5 43837.9
7.82163 -0.6005895039484872 24043.1 43835.2
7.82213 -0.6009587936086095 24038.1 43842.3
7.82263 -0.600984370705607 24039.0 43845.0
7.82313 -0.6015818398710898 24038.1 43869.6
7.82363 -0.6019051698637254 24043.7 43894.1
7.82413 -0.602380680955514 24036.7 43902.0
7.82463 -0.6028838652056341 24032.6 43916.8
7.82513 -0.6029041388942392 24040.6 43932.2
7.82563 -0.6032415323624338 24042.8 43951.2
7.82613 -0.6038006674874347 24032.5 43956.8
7.82663 -0.6041430955414643 24026.7 43961.3
7.82713 -0.6045208457444239 24029.8 43983.6
7.82763 -0.6048874069250123 24025.8 43992.4
7.82813 -0.6049557510216431 24034.5 44011.3
7.82863 -0.6052559366617077 24036.2 44027.5
7.82913 -0.6056574530961515 24029.0 44032.1
7.82963 -0.6057821763950884 24028.0 44035.8
7.83013 -0.6066044350844648 24018.4 44054.4
7.83063 -0.6068149425999292 24027.3 44080.0
7.83113 -0.6071472482237652 24034.3 44107.5
7.83163 -0.6074951381479784 24030.9 44116.6
7.83213 -0.6077646662912437 24026.8 44121.0
7.83263 -0.6079201806960065 24024.4 44123.5
7.83313 -0.6082298279151352 24020.8 44130.5
7.83363 -0.6087990563314589 24020.5 44155.0
7.83413 -0.6093069895269593 24021.9 44180.0
7.83463 -0.6096049473949635 24014.4 44179.4
7.83513 -0.6099840426197096 24016.6 44200.2
7.83563 -0.6103364411211434 24020.5 44222.9
7.83613 -0.6107684660450394 24008.6 44220.1
7.83663 -0.6110767881208176 24021.2 44257.1
7.83713 -0.6112261482599682 24019.0 44259.6
7.83763 -0.6117559531893175 24017.3 44279.8
7.83813 -0.6120578781252368 24009.1 44278.1
7.83863 -0.6124106213855647 24009.7 44294.9
7.83913 -0.6127510602647178 24012.0 44314.1
7.83963 -0.6131388077361872 24009.7 44327.2
7.84013 -0.6135834590511597 24008.7 44344.9
7.84063 -0.6139016736210149 24008.7 44359.0
7.84113 -0.6143638685203976 24004.6 44372.1
7.84163 -0.6146432361680306 24003.9 44383.1
7.84213 -0.6147437361248067 24010.7 44400.2
7.84263 -0.6152539037893933 24002.5 44407.6
7.84313 -0.6159497918894704 23986.9 44409.8
7.84363 -0.6160278059007016 23982.5 44405.1
7.84413 -0.6163641753603316 23981.2 44417.6
7.84463 -0.6168936050629564 23974.9 44429.4
7.84513 -0.6171442846351834 23958.4 44410.0
7.84563 -0.6173513774894065 23901.7 44313.9
7.84613 -0.6177718025023266 23772.5 44093.0
7.84663 -0.6182291900454272 23685.4 43951.5
7.84713 -0.6186483191511789 23759.8 44108.2
7.84763 -0.6191263826401153 23821.3 44243.5
7.84813 -0.618848869739955 23711.9 44028.0
7.84863 -0.6193782595152707 23597.7 43839.1
7.84913 -0.6197607993134242 23893.9 44406.4
7.84963 -0.620173906509193 24079.1 44769.2
7.85013 -0.6203494838927373 24107.2 44829.2
7.85063 -0.6208369308020149 24087.4 44814.3
7.85113 -0.6211210667933833 24083.4 44819.4
7.85163 -0.621438872874719 24083.8 44834.6
7.85213 -0.6218843815073498 24071.8 44832.2
7.85263 -0.6221240075969259 24063.0 44826.5
7.85313 -0.6223642998561214 24067.7 44846.1
7.85363 -0.6230575838995264 24067.2 44876.2
7.85413 -0.6230915214383962 24067.0 44877.3
7.85463 -0.6234278602947259 24060.2 44879.8
7.85513 -0.6236324201753417 24065.9 44899.5
7.85563 -0.6243012528718628 24050.5 44900.9
7.85613 -0.6245567638251609 24069.7 44948.2
7.85663 -0.6249652970287162 24060.6 44949.5
7.85713 -0.6252863715233711 24051.3 44946.6
7.85763 -0.6255411892961424 24059.3 44973.0
7.85813 -0.6258388704192513 24068.0 45002.7
7.85863 -0.6261176428607397 24066.0 45011.4
7.85913 -0.6264777116972919 24056.8 45010.4
7.85963 -0.62707044522425 24049.2 45023.0
7.86013 -0.6274133800174813 24069.3 45076.0
7.86063 -0.6274773977011432 24058.8 45059.3
7.86113 -0.6278377472704353 24057.0 45072.2
7.86163 -0.6282628521736767 24064.3 45105.0
7.86213 -0.6287092868460388 24062.6 45121.8
7.86263 -0.6290387018438858 24071.5 45153.4
7.86313 -0.629328376424779 24073.7 45170.6
7.86363 -0.6295812801112527 24066.6 45168.7
7.86413 -0.6299603652897767 24066.4 45185.5
7.86463 -0.6305143724060425 24065.5 45209.0
7.86513 -0.6309959101160529 24064.5 45228.7
7.86563 -0.6312705779680446 24077.2 45265.0
7.86613 -0.6318592491866387 24058.3 45256.2
7.86663 -0.6324923446071811 24047.6 45264.7
7.86713 -0.63243144104775 24061.7 45288.6
7.86763 -0.6332062870340733 24054.1 45309.2
7.86813 -0.6333317490960482 24067.7 45340.5
7.86863 -0.6334627510072062 24056.1 45324.6
7.86913 -0.6337073764668162 24060.4 45343.9
7.86963 -0.6342282929425338 24061.0 45368.5
7.87013 -0.6346974111138891 24059.4 45386.9
7.87063 -0.6351437148065254 24057.6 45403.7
7.87113 -0.6357855791918037 24051.1 45420.5
7.87163 -0.6362375832257018 24046.3 45432.1
7.87213 -0.6362574789523617 24039.6 45420.3
7.87263 -0.636314314083926 24049.3 45441.3
7.87313 -0.6365912643940439 24055.7 45466.0
7.87363 -0.6369864989267797 24045.4 45464.3
7.87413 -0.6373019330124565 24027.6 45445.2
7.87463 -0.6377758642187851 24027.7 45466.8
7.87513 -0.6381795765414591 24020.9 45472.2
7.87563 -0.638457412772059 24014.9 45473.7
7.87613 -0.6388088891507172 24009.9 45480.2
7.87663 -0.6391699326628889 24000.1 45478.0
7.87713 -0.6393632812235046 23985.9 45459.9
7.87763 -0.6396289676927466 23965.5 45433.3
7.87813 -0.6400352431077336 23938.7 45401.0
7.87863 -0.6408383493493294 23890.1 45345.1
7.87913 -0.6408695327352416 23811.9 45198.2
7.87963 -0.6412554143001499 23608.0 44828.3
7.88013 -0.6419510236865347 23157.1 44002.6
7.88063 -0.6423764862973906 22302.6 42396.8
7.88113 -0.642594083520769 22246.8 42300.3
7.88163 -0.6427325557407565 23169.2 44060.3
7.88213 -0.6430354161250313 24011.2 45675.2
7.88263 -0.6434479738534742 24231.0 46112.3
7.88313 -0.6436752171169531 24218.6 46099.2
7.88363 -0.6439076667584156 24201.6 46077.6
7.88413 -0.6442635909400716 24183.8 46060.1
7.88463 -0.6445563563721132 24178.2 46062.9
7.88513 -0.6448759396282109 24171.0 46063.9
7.88563 -0.6452508480844645 24171.6 46082.3
7.88613 -0.6456819760655153 24152.9 46066.6
7.88663 -0.6462487851981417 24144.6 46076.8
7.88713 -0.6465541432430009 24146.5 46094.5
7.88763 -0.6468051123606103 24151.4 46115.4
7.88813 -0.647295254229454 24151.3 46137.9
7.88863 -0.6476089432838574 24141.9 46134.3
7.88913 -0.647760309792247 24138.6 46135.1
7.88963 -0.6483803337573255 24137.2 46161.0
7.89013 -0.6487792692778999 24140.0 46184.7
7.89063 -0.6490126980506913 24137.3 46190.4
7.89113 -0.6492874721015337 24138.6 46205.6
7.89163 -0.649857717778855 24136.8 46228.5
7.89213 -0.6500352065355192 24140.4 46243.5
7.89263 -0.650496713754897 24133.0 46250.6
7.89313 -0.650922346215195 24125.8 46256.6
7.89363 -0.6510948284900877 24128.0 46268.8
7.89413 -0.651496754244375 24126.3 46284.2
7.89463 -0.6518562322552199 24124.3 46297.0
7.89513 -0.6521257902339567 24134.8 46329.6
7.89563 -0.65236228079442 24133.0 46337.0
7.89613 -0.652787592246895 24127.5 46346.2
7.89663 -0.6532677556187327 24136.9 46386.5
7.89713 -0.6533942415065453 24139.0 46396.5
7.89763 -0.6537400981657518 24138.4 46411.3
7.89813 -0.6541314961036867 24134.3 46421.6
7.89863 -0.6544629677972571 24131.0 46430.7
7.89913 -0.6547364372378949 24137.2 46455.3
7.89963 -0.6550572620426042 24144.0 46483.3
7.90013 -0.6556501167705765 24133.5 46490.6
7.90063 -0.6559433717228083 24136.3 46509.7
7.90113 -0.6559687633132256 24139.9 46517.9
7.90163 -0.6562158440564053 24137.3 46524.3
7.90213 -0.6566269895354802 24140.2 46549.0
7.90263 -0.6571408500429644 24136.8 46566.3
7.90313 -0.6576554461610885 24141.8 46599.9
7.90363 -0.6580028721574402 24138.1 46609.1
7.90413 -0.658263519056222 24131.0 46607.5
7.90463 -0.6586059964798795 24132.3 46626.0
7.90513 -0.6590710601487154 24134.0 46651.0
7.90563 -0.6595344080912824 24133.8 46672.2
7.90613 -0.6595186310661274 24149.9 46702.5
7.90663 -0.6597856453065545 24148.1 46711.5
7.90713 -0.6600021795244306 24148.9 46723.1
7.90763 -0.6601792425115085 24146.7 46727.3
7.90813 -0.6606834265314753 24142.7 46743.1
7.90863 -0.6611396766347751 24148.9 46776.4
7.90913 -0.6615711170605574 24145.9 46790.7
7.90963 -0.661960720125513 24137.6 46792.8
7.91013 -0.6621603189484848 24141.8 46810.4
7.91063 -0.6623788688572515 24145.4 46827.6
7.91113 -0.6629085138027595 24143.6 46848.9
7.91163 -0.6632422169977455 24149.0 46875.0
7.91213 -0.6635942574617768 24146.2 46886.1
7.91263 -0.6640967683506206 24135.4 46888.6
7.91313 -0.6643025583354388 24140.1 46907.5
7.91363 -0.6645173281515568 24145.5 46928.0
7.91413 -0.664925682592323 24152.3 46960.5
7.91463 -0.6653993186362229 24157.4 46992.7
7.91513 -0.6660096944534987 24154.8 47016.3
7.91563 -0.6666817064625127 24149.5 47037.5
7.91613 -0.6667541875905436 24150.4 47042.7
7.91663 -0.6666301267466898 24147.3 47030.8
7.91713 -0.6671469831287493 24152.8 47065.9
7.91763 -0.6671310487872191 24157.4 47074.0
7.91813 -0.6676026468211076 24151.7 47085.2
7.91863 -0.6679560749640439 24156.8 47111.6
7.91913 -0.6682149811312174 24165.2 47140.3
7.91963 -0.6682856648433395 24168.1 47149.2
7.92013 -0.6684410531147444 24157.4 47135.8
7.92063 -0.6688570706438464 24147.1 47135.3
7.92113 -0.6691433117748382 24163.8 47181.3
7.92163 -0.6695959917345686 24166.7 47208.4
7.92213 -0.669802873540011 24164.0 47212.9
7.92263 -0.6702902696290854 24159.6 47227.2
7.92313 -0.6706588816861457 24167.6 47260.5
7.92363 -0.6710405635292545 24163.1 47269.7
7.92413 -0.6713538552704993 24164.7 47287.4
7.92463 -0.6715623279672848 24169.0 47305.7
7.92513 -0.6719174495571197 24173.4 47331.2
7.92563 -0.6724264690103983 24177.6 47363.6
7.92613 -0.6727382775813767 24174.4 47372.0
7.92663 -0.6733766458615976 24175.4 47404.2
7.92713 -0.6736779453227858 24169.0 47405.9
7.92763 -0.6736742063202004 24164.4 47396.7
7.92813 -0.6743172274883902 24168.1 47434.6
7.92863 -0.6743770262798481 24162.5 47426.4
7.92913 -0.6747171124913488 24166.2 47449.8
7.92963 -0.6750973261201569 24169.5 47474.3
7.93013 -0.6756301900312017 24164.4 47489.6
7.93063 -0.6761936621836633 24162.7 47512.9
7.93113 -0.6762756440349936 24173.4 47538.0
7.93163 -0.6765033513209604 24174.6 47551.1
7.93213 -0.6770082621212737 24171.1 47568.2
7.93263 -0.6770864285563012 24174.7 47579.0
7.93313 -0.6771698936262406 24185.0 47603.2
7.93363 -0.6776494639882995 24180.5 47617.3
7.93413 -0.6782600739830159 24171.9 47629.5
7.93463 -0.6786267727557759 24172.1 47647.3
7.93513 -0.6787047529489841 24180.2 47667.0
7.93563 -0.678955603726982 24178.7 47676.0
7.93613 -0.679452590802211 24167.5 47677.7
7.93663 -0.6794187527982041 24179.2 47699.1
7.93713 -0.6798375435308569 24181.1 47722.7
7.93763 -0.6803937642346645 24184.7 47756.5
7.93813 -0.6805069027584997 24190.0 47772.3
7.93863 -0.6807553393783986 24170.4 47745.5
7.93913 -0.6808929762566344 24174.2 47759.5
7.93963 -0.6814246956183156 24190.4 47817.0
7.94013 -0.6819767288411905 24188.1 47838.8
7.94063 -0.6821541499999447 24176.2 47823.8
7.94113 -0.6824857161712217 24183.9 47854.9
7.94163 -0.682657255898422 24200.1 47895.1
7.94213 -0.683302943737215 24184.7 47895.7
7.94263 -0.6834645977877007 24173.2 47880.6
7.94313 -0.6838931323325561 24161.7 47878.2
7.94363 -0.6841219021490853 24175.7 47917.1
7.94413 -0.6843395573270313 24183.6 47943.1
7.94463 -0.6847180117190084 24173.3 47940.9
7.94513 -0.6849908085118357 24165.0 47937.5
7.94563 -0.6852466488285738 24168.6 47956.8
7.94613 -0.6858605278635922 24171.6 47992.2
7.94663 -0.6861119615019714 24177.9 48016.8
7.94713 -0.686111705350133 24177.0 48015.1
7.94763 -0.6868917976649126 24170.2 48038.9
7.94813 -0.6872919026725423 24186.0 48089.7
7.94863 -0.6874397851009864 24196.5 48117.6
7.94913 -0.6878556840526533 24179.7 48104.1
7.94963 -0.688274777356933 24176.2 48117.4
7.95013 -0.688461192969257 24185.3 48144.4
7.95063 -0.6887231431732023 24175.0 48136.6
7.95113 -0.689193762885195 24175.2 48159.5
7.95163 -0.6893412914776448 24175.2 48166.7
7.95213 -0.6894331407463173 24164.4 48149.6
7.95263 -0.6899669439023841 24157.2 48160.9
7.95313 -0.690367057184762 24172.3 48210.3
7.95363 -0.690608704272881 24182.5 48242.3
7.95413 -0.6910926787684883 24176.7 48254.1
7.95463 -0.6915507150380814 24171.3 48265.5
7.95513 -0.6917798652492795 24177.7 48289.4
7.95563 -0.6921447958944839 24184.4 48320.4
7.95613 -0.692567718160807 24180.9 48333.8
7.95663 -0.6927710881237393 24170.2 48322.2
7.95713 -0.692608825929345 24172.7 48319.3
7.95763 -0.6932478938957448 24173.8 48352.4
7.95813 -0.6936075041984877 24191.9 48406.2
7.95863 -0.693673408894778 24170.6 48366.7
7.95913 -0.6939888123745508 24148.6 48338.0
7.95963 -0.6945574715685552 24156.5 48381.1
7.96013 -0.6948889043547583 24171.1 48426.5
7.96063 -0.6952859346525031 24177.8 48459.1
7.96113 -0.6954305573492925 24183.2 48476.9
7.96163 -0.6956810259962338 24180.2 48483.1
7.96213 -0.6960807208092209 24178.5 48499.1
7.96263 -0.6965123595884386 24177.0 48517.0
7.96313 -0.6967849412197227 24167.9 48511.9
7.96363 -0.6969548968610842 24160.7 48505.8
7.96413 -0.697412590785361 24150.6 48507.7
7.96463 -0.6977658909066583 24145.6 48514.8
7.96513 -0.6979604173419122 24148.1 48529.2
7.96563 -0.6981323640510964 24131.1 48503.4
7.96613 -0.6986587446313481 24132.0 48530.7
7.96663 -0.6989757765710412 24116.2 48514.3
7.96713 -0.6990992921262701 24104.1 48496.1
7.96763 -0.6995139207553839 24078.0 48463.5
7.96813 -0.7000391306081873 23982.5 48296.6
7.96863 -0.700348950973232 23681.8 47705.8
7.96913 -0.7005444905595556 23275.1 46895.8
7.96963 -0.7009638491132026 23314.5 46995.1
7.97013 -0.7013447479317867 24144.0 48685.5
7.97063 -0.7013778933583067 24285.1 48971.7
7.97113 -0.7016928988942401 24253.6 48923.5
7.97163 -0.701942638933831 24248.4 48925.2
7.97213 -0.7025163075711519 24243.1 48942.5
7.97263 -0.7029456005249685 24226.2 48929.4
7.97313 -0.703191480730806 24212.1 48913.1
7.97363 -0.7034290777815049 24209.5 48919.4
7.97413 -0.7037766332247252 24217.3 48952.1
7.97463 -0.7041537508383084 24229.0 48994.3
7.97513 -0.7042164206332473 24211.7 48962.3
7.97563 -0.7048511587501061 24201.7 48973.2
7.97613 -0.7050601008797165 24207.6 48995.4
7.97663 -0.7053926378679279 24205.4 49007.2
7.97713 -0.705603679476177 24209.5 49025.9
7.97763 -0.7059774499925194 24208.9 49043.1
7.97813 -0.706418765898096 24205.8 49058.4
7.97863 -0.7066834646777957 24207.0 49073.8
7.97913 -0.7068758887252979 24205.3 49079.8
7.97963 -0.7071218588353579 24197.7 49076.5
7.98013 -0.7074002060777436 24207.3 49109.6
7.98063 -0.7078883874361453 24193.8 49106.1
7.98113 -0.7081569872600284 24193.2 49118.1
7.98163 -0.7085154636304611 24200.1 49149.7
7.98213 -0.708704757989725 24204.0 49167.0
7.98263 -0.708801400579619 24201.3 49166.2
7.98313 -0.7091393394058586 24198.1 49176.3
7.98363 -0.7096143629453375 24203.4 49210.5
7.98413 -0.7094912313175894 24215.6 49229.2
7.98463 -0.7101763028986195 24202.1 49235.5
7.98513 -0.7108369832931899 24198.6 49260.9
7.98563 -0.7113588327250523 24188.9 49267.0
7.98613 -0.7116942134272121 24190.8 49287.3
7.98663 -0.7119840718591756 24190.8 49301.5
7.98713 -0.7121836348694318 24188.2 49306.2
7.98763 -0.7123205436575618 24189.9 49316.3
7.98813 -0.7126539835765975 24184.6 49322.1
7.98863 -0.7127528632592844 24188.1 49334.0
7.98913 -0.7132316089601545 24191.6 49364.9
7.98963 -0.7134705984230469 24195.2 49383.9
7.99013 -0.7138559721987541 24193.9 49400.4
7.99063 -0.7142968333082054 24184.9 49403.7
7.99113 -0.7145503199143284 24183.2 49412.8
7.99163 -0.7148208363689758 24184.1 49427.9
7.99213 -0.7153259760112914 24179.4 49443.3
7.99263 -0.7157053531364636 24185.6 49474.7
7.99313 -0.7159254899625891 24176.1 49466.3
7.99363 -0.7159382056382837 24181.4 49477.6
7.99413 -0.7164603938548507 24174.3 49489.0
7.99463 -0.7165934786452073 24181.8 49511.0
7.99513 -0.7169385052315711 24186.5 49537.6
7.99563 -0.7173645787727879 24182.2 49549.9
7.99613 -0.7176203025716096 24177.0 49552.0
7.99663 -0.7178689186722764 24175.2 49560.7
7.99713 -0.718074687908804 24168.7 49557.5
7.99763 -0.7184880693906778 24166.1 49572.6
7.99813 -0.7189511396088798 24168.6 49600.7
7.99863 -0.7190825498316299 24166.8 49603.5
7.99913 -0.7195102919652585 24170.3 49632.0
7.99963 -0.7199693148543578 24170.0 49654.0
8.00013 -0.7202736396439053 24169.0 49667.2
8.00063 -0.7205719507406946 24166.8 49677.6
8.00113 -0.7210313390296724 24153.0 49672.0
8.00163 -0.7215345250683337 24148.3 49687.2
8.00213 -0.7214213458757702 24152.8 49690.8
8.00263 -0.7217347530621264 24156.4 49713.8
8.00313 -0.7225150595349575 24148.3 49736.1
8.00363 -0.7229264275574606 24143.2 49746.0
8.00413 -0.7231614994463731 24142.0 49755.2
8.00463 -0.7233108188908596 24142.4 49763.4
8.00513 -0.7235173843404993 24142.7 49774.4
8.00563 -0.724202248735137 24141.9 49806.7
8.00613 -0.7244729579674145 24141.0 49818.4
8.00663 -0.7250610502225091 24141.0 49847.7
8.00713 -0.7252333756101783 24132.3 49838.4
8.00763 -0.7252333679482363 24141.4 49857.1
8.00813 -0.7254218790122996 24136.5 49856.4
8.00863 -0.7257936276239382 24127.6 49856.5
8.00913 -0.7260317999050196 24126.7 49866.6
8.00963 -0.7261178260778667 24124.3 49865.9
8.01013 -0.7268763901429891 24116.8 49888.2
8.01063 -0.7272879949309321 24114.1 49903.2
8.01113 -0.7275022654799128 24119.0 49924.0
8.01163 -0.727684446482757 24128.5 49952.8
8.01213 -0.728109135429257 24123.8 49964.2
8.01263 -0.7285350247252882 24117.1 49971.6
8.01313 -0.7287560385519847 24120.6 49989.9
8.01363 -0.7289100790133939 24121.6 49999.7
8.01413 -0.7292674668925516 24099.8 49972.4
8.01463 -0.7295316632928198 24114.0 50015.1
8.01513 -0.7296389591923633 24114.0 50020.4
8.01563 -0.7302102602199086 24100.5 50021.0
8.01613 -0.7307383324698468 24096.3 50038.8
8.01663 -0.7308118291568467 24089.8 50028.9
8.01713 -0.7310641618115248 24086.0 50033.6
8.01763 -0.7316772573935756 24090.8 50074.2
8.01813 -0.731859268697283 24096.7 50095.7
8.01863 -0.7321489373601497 24101.5 50120.1
8.01913 -0.7324066670246803 24077.0 50082.1
8.01963 -0.7328292020945736 24083.0 50115.7
8.02013 -0.7332721439349791 24086.4 50145.0
8.02063 -0.7336187207476144 24089.9 50169.7
8.02113 -0.7339123431748072 24081.4 50166.7
8.02163 -0.7341739213562589 24073.0 50162.4
8.02213 -0.7344323863080364 24084.6 50199.5
8.02263 -0.7348131286121994 24097.8 50246.2
8.02313 -0.7349414580605161 24096.0 50248.9
8.02363 -0.7354308087846364 24067.3 50213.6
8.02413 -0.7358040274553691 24056.9 50210.6
8.02463 -0.7359912597879009 24071.4 50250.2
8.02513 -0.736302780946179 24085.3 50295.0
8.02563 -0.7366021874331692 24084.6 50308.5
8.02613 -0.7367367611051512 24069.8 50284.3
8.02663 -0.7372046495663075 24048.3 50263.0
8.02713 -0.7377148724882422 24066.8 50327.4
8.02763 -0.7384618376452365 24062.7 50356.4
8.02813 -0.7384725616495533 24067.8 50367.5
8.02863 -0.738673886936406 24069.4 50381.0
8.02913 -0.7390840219121448 24061.9 50386.0
8.02963 -0.739489741662837 24056.6 50395.3
8.03013 -0.7398652869733915 24058.7 50418.8
8.03063 -0.740266316425784 24059.1 50439.8
8.03113 -0.7405632846604675 24065.9 50469.0
8.03163 -0.7407475697198224 24060.6 50467.2
8.03213 -0.7413122906087295 24064.0 50502.8
8.03263 -0.741568982783332 24066.3 50520.7
8.03313 -0.7417837189700344 24072.3 50544.0
8.03363 -0.7421912860355712 24074.2 50568.6
8.03413 -0.7425728497496276 24070.0 50579.1
8.03463 -0.7426119526294906 24054.5 50548.5
8.03513 -0.7430311557899171 23964.3 50380.1
8.03563 -0.7432812451735932 23773.7 49991.9
8.03613 -0.7436926802314313 23747.2 49956.8
8.03663 -0.7441101209119786 23882.4 50262.1
8.03713 -0.7444724326181036 23991.5 50510.0
8.03763 -0.744653399104746 24042.7 50626.9
8.03813 -0.7449058173549877 24065.3 50687.3
8.03863 -0.7455836367424322 24067.0 50725.2
8.03913 -0.7456119894361445 24072.2 50737.7
8.03963 -0.7457402783802883 24076.6 50753.4
8.04013 -0.7460455114188049 24077.0 50769.8
8.04063 -0.7465173387950931 24080.3 50800.7
8.04113 -0.7467511849375916 24085.2 50822.9
8.04163 -0.7469509860149456 24084.7 50832.1
8.04213 -0.7474484669369801 24078.2 50843.7
8.04263 -0.7480666880475918 24077.5 50873.6
8.04313 -0.7482636664792195 24094.5 50919.5
8.04363 -0.7481133301725975 24102.1 50928.0
8.04413 -0.74870122874716 24097.6 50948.4
8.04463 -0.7491623610614696 24089.4 50954.7
8.04513 -0.7492172055179972 24104.1 50988.5
8.04563 -0.7495786969170838 24117.3 51034.8
8.04613 -0.7501110254124731 24117.3 51062.0
8.04663 -0.7499651976572853 24122.0 51064.5
8.04713 -0.7499645993020844 24117.3 51054.5
8.04763 -0.7506001888809491 24122.7 51098.4
8.04813 -0.7509427205798896 24128.7 51128.6
8.04863 -0.7512304202595238 24138.8 51164.7
8.04913 -0.7515520834852419 24136.0 51175.2
8.04963 -0.7518996727487626 24133.3 51187.4
8.05013 -0.7523216380191929 24140.4 51224.0
8.05063 -0.7527948669474043 24145.3 51258.6
8.05113 -0.7529128128270198 24142.7 51259.2
8.05163 -0.7531864337973236 24156.7 51303.0
8.05213 -0.7537847170087132 24157.2 51334.7
8.05263 -0.7541256435042958 24152.4 51342.0
8.05313 -0.7544140846550097 24156.3 51365.1
8.05363 -0.754769289869266 24158.8 51388.8
8.05413 -0.7551262378455795 24159.3 51408.1
8.05463 -0.7553941019261612 24172.9 51450.8
8.05513 -0.7557773211972159 24166.1 51456.0
8.05563 -0.7559922282353314 24175.5 51487.2
8.05613 -0.7564039580719736 24181.5 51521.1
8.05663 -0.7567196309774681 24184.8 51544.5
8.05713 -0.757051401869877 24190.4 51573.4
8.05763 -0.7573512095008702 24197.2 51603.4
8.05813 -0.7575688046198727 24202.2 51625.4
8.05863 -0.7579040069851857 24205.9 51650.5
8.05913 -0.7583060573951375 24205.0 51669.4
8.05963 -0.7584396429957247 24215.2 51698.1
8.06013 -0.7588981123052425 24217.0 51725.6
8.06063 -0.7592527566808901 24220.1 51750.5
8.06113 -0.7594191225478708 24226.9 51773.6
8.06163 -0.7597211093658603 24231.6 51799.5
8.06213 -0.76033480488288 24232.6 51833.3
8.06263 -0.7608624619064966 24238.7 51873.8
8.06313 -0.7609102109404073 24245.6 51891.0
8.06363 -0.7611913619516382 24248.5 51911.7
8.06413 -0.7614555011133753 24252.5 51934.0
8.06463 -0.7616636354194106 24258.5 51957.7
8.06513 -0.7618213281471713 24265.5 51980.9
8.06563 -0.76212572091058 24273.4 52013.8
8.06613 -0.7626217948268239 24280.6 52055.0
8.06663 -0.7627183331283138 24279.1 52056.8
8.06713 -0.7631755266169531 24280.8 52084.3
8.06763 -0.7633195868945503 24288.8 52108.9
8.06813 -0.7635912238844547 24298.2 52143.2
8.06863 -0.7640875557897625 24300.4 52173.8
8.06913 -0.7645099979973546 24298.2 52191.1
8.06963 -0.7646119003409155 24302.9 52206.5
8.07013 -0.7645598954603037 24319.3 52239.0
8.07063 -0.7650591344155034 24314.1 52253.9
8.07113 -0.7657261212988802 24316.6 52294.1
8.07163 -0.7658961955087027 24321.3 52313.2
8.07213 -0.7661726250611997 24328.3 52342.7
8.07263 -0.7665252036195256 24337.4 52380.9
8.07313 -0.7669240797446985 24339.0 52405.1
8.07363 -0.767369095651393 24329.2 52407.4
8.07413 -0.7675438001224419 24335.2 52429.4
8.07463 -0.7678545276317769 24338.8 52453.4
8.07513 -0.7681946608952284 24356.0 52508.3
8.07563 -0.7686801218820966 24349.4 52519.7
8.07613 -0.7689916883502759 24352.2 52542.0
8.07663 -0.7691991561674808 24360.7 52571.4
8.07713 -0.7694557644168082 24361.5 52586.6
8.07763 -0.7696714003684904 24360.5 52595.7
8.07813 -0.7696081110610281 24364.9 52601.8
8.07863 -0.769995901496891 24372.8 52639.4
8.07913 -0.7706407989531163 24378.4 52685.4
8.07963 -0.770979326972108 24379.4 52705.4
8.08013 -0.7712115735175659 24379.9 52718.8
8.08063 -0.7714999914948193 24382.6 52739.9
8.08113 -0.771748971631428 24386.8 52761.9
8.08163 -0.7718218268104091 24390.3 52773.3
8.08213 -0.7724909501522036 24393.8 52816.3
8.08263 -0.7728172593498731 24397.3 52841.1
8.08313 -0.7730649158532208 24396.6 52852.8
8.08363 -0.7733431448499636 24400.9 52876.8
8.08413 -0.773773513558436 24406.2 52911.1
8.08463 -0.7741959514863528 24406.3 52933.6
8.08513 -0.7743258091549922 24401.7 52930.5
8.08563 -0.7744645087074793 24400.0 52934.1
8.08613 -0.7749111293526963 24404.4 52967.2
8.08663 -0.7752707681332427 24422.1 53024.8
8.08713 -0.7755876656701222 24420.8 53038.8
8.08763 -0.775881779644176 24417.8 53047.9
8.08813 -0.7761125111121732 24418.7 53062.0
8.08863 -0.7762777934605993 24420.0 53073.7
8.08913 -0.7765340212248466 24434.4 53118.6
8.08963 -0.7769379663757854 24417.6 53103.4
8.09013 -0.7769349568151896 24423.9 53117.0
8.09063 -0.7773510638083299 24431.2 53155.1
8.09113 -0.7777990989319042 24428.3 53172.5
8.09163 -0.7781286538054689 24427.6 53188.5
8.09213 -0.7784042703720713 24436.5 53222.6
8.09263 -0.778708434081194 24439.5 53245.4
8.09313 -0.7791707994316229 24429.4 53247.9
8.09363 -0.779303788540409 24436.4 53270.3
8.09413 -0.7796059206265031 24440.8 53295.9
8.09463 -0.7799363287931192 24441.4 53314.9
8.09513 -0.7802806441829762 24436.5 53322.6
8.09563 -0.7805852713087472 24433.8 53332.9
8.09613 -0.7807732700440497 24444.2 53365.5
8.09663 -0.7811080821888211 24445.0 53385.2
8.09713 -0.7813562440116094 24444.1 53396.5
8.09763 -0.7813630917006262 24443.3 53395.0
8.09813 -0.7818643241693828 24440.6 53415.9
8.09863 -0.7823269807656671 24440.9 53441.3
8.09913 -0.78244061959369 24443.0 53452.0
8.09963 -0.7824368090989221 24443.4 53452.6
8.10013 -0.7827823188217873 24444.6 53473.8
8.10063 -0.7830938284726974 24434.2 53467.7
8.10113 -0.7836449587525058 24447.4 53526.0
8.10163 -0.7838192542692168 24449.5 53540.0
8.10213 -0.7840601805241585 24448.5 53550.7
8.10263 -0.7843483989067352 24448.3 53565.7
8.10313 -0.7845781338632425 24446.1 53573.3
8.10363 -0.7851412569571199 24442.1 53594.6
8.10413 -0.7852550324025757 24432.7 53580.1
8.10463 -0.7854548936025221 24432.8 53591.0
8.10513 -0.7858985828298234 24441.0 53632.9
8.10563 -0.7861772510692888 24435.4 53635.5
8.10613 -0.7864678280359416 24430.9 53641.1
8.10663 -0.7868718578251161 24434.3 53670.3
8.10713 -0.7871209251167244 24427.2 53668.0
8.10763 -0.7876284477512129 24436.6 53716.0
8.10813 -0.7877036398787652 24434.6 53715.6
